138 163 149 151 145 150 156 161 164 164 166 169 168 169 171 172 175 175 180 186 187 184 192 197 197 192 196 197 196 194 186 185 189 190 186 189 193 196 190 189 182 184 176 174 165 161 169 159 154 149 149 143 144 138 137 134 144 142 138 139 145 153 181 183 
142 152 154 145 142 150 157 164 166 167 167 165 170 172 174 175 174 181 185 184 185 189 187 203 197 198 198 200 193 198 197 192 194 196 199 191 192 196 194 198 195 197 185 178 166 164 173 162 152 145 153 149 142 139 136 138 142 140 136 135 143 153 176 178 
154 156 157 143 143 150 160 166 162 163 166 166 173 177 175 176 183 182 182 181 181 184 192 195 200 202 201 200 192 199 197 189 191 194 201 189 196 203 191 198 200 204 196 185 162 167 168 157 157 150 156 157 153 145 143 139 135 136 139 136 137 159 180 165 
148 156 148 146 144 151 159 162 164 163 168 174 182 175 171 170 167 171 170 162 161 170 159 179 190 195 194 194 193 195 195 189 189 194 200 183 184 191 193 193 194 204 194 185 164 170 173 155 153 154 161 161 156 145 142 142 133 133 138 131 134 159 171 158 
152 152 148 143 145 161 159 163 157 167 171 168 152 145 141 148 145 146 131 127 150 163 143 166 161 168 173 184 187 186 189 183 187 199 190 175 167 183 180 181 184 192 188 173 167 173 175 160 149 154 166 160 164 151 153 151 140 136 137 136 126 159 183 151 
147 150 143 141 157 162 160 171 171 164 145 113 115 131 120 141 129 126 122 111 105 129 157 132 140 149 171 166 177 176 182 185 177 186 183 170 163 173 164 166 168 177 172 174 169 164 171 171 147 153 160 161 168 162 155 155 148 136 136 138 127 160 170 136 
150 148 133 143 166 162 160 154 138 125 123 121 115 100 113 121 111 107 105 135 103 124 141 120 113 129 128 160 159 172 182 181 180 186 172 167 162 163 150 151 144 154 159 158 150 147 153 125 138 144 145 147 155 157 160 161 151 143 141 144 139 176 191 128 
149 145 129 146 155 152 136 119 113 129 114 117 124 127 94 110 87 87 94 98 90 86 110 92 97 99 147 139 157 171 182 177 183 182 167 163 157 159 144 143 124 125 136 134 142 149 149 157 114 109 117 119 113 129 130 149 161 158 146 153 145 164 211 150 
141 137 138 139 138 118 113 131 127 111 99 91 94 117 122 95 76 76 73 69 71 68 79 85 87 95 117 141 159 172 184 184 187 181 168 161 158 160 142 136 127 127 113 102 134 133 135 114 97 95 84 93 94 95 109 125 114 136 153 146 148 187 207 179 
137 131 135 145 129 122 132 126 107 99 94 126 119 101 82 83 84 54 50 42 49 59 61 60 67 60 97 138 161 172 180 189 187 180 167 151 143 140 129 125 115 106 99 90 100 98 91 80 82 90 107 100 109 106 94 89 94 97 126 156 148 169 180 216 
134 131 131 129 126 138 149 151 143 137 157 160 162 150 130 105 88 75 61 52 46 42 34 50 55 64 73 117 153 162 181 192 198 191 175 159 132 119 110 105 94 79 66 67 59 62 57 54 68 80 75 90 114 118 111 91 103 97 98 101 136 150 153 210 
132 130 131 131 116 116 150 154 152 169 170 160 160 147 124 84 50 25 27 19 20 19 24 24 38 53 70 106 138 159 179 184 190 189 173 161 128 103 90 74 57 51 50 52 47 43 42 36 39 54 58 74 101 95 94 67 82 86 81 91 107 124 128 185 
128 128 138 137 147 153 158 155 161 153 161 139 99 78 109 142 155 147 118 102 73 55 27 27 32 35 74 116 144 165 180 193 188 184 174 158 129 108 106 72 66 52 52 44 28 26 34 41 40 49 54 60 65 73 69 76 87 76 68 78 84 83 109 145 
131 135 150 147 148 152 157 152 155 145 132 88 115 168 157 144 117 102 124 121 135 113 94 68 59 54 76 123 143 166 180 191 189 180 173 154 121 105 106 87 85 52 31 22 18 17 15 16 26 42 52 64 68 74 80 94 92 87 79 72 59 78 99 124 
129 140 155 154 154 148 146 153 161 113 91 145 127 72 48 21 31 22 25 36 60 108 130 127 141 122 110 116 143 169 182 186 189 183 170 151 120 104 94 94 83 47 32 20 27 36 47 58 57 64 61 52 64 76 109 105 123 119 116 110 92 72 84 109 
138 152 158 159 157 144 149 151 83 79 106 80 39 35 18 80 93 78 76 22 98 105 66 130 153 161 151 128 150 170 178 185 188 181 169 150 121 95 88 86 67 65 67 77 104 119 131 148 153 164 172 150 126 106 60 94 123 123 127 113 114 100 105 104 
142 157 151 157 158 130 135 76 85 96 45 48 123 65 19 27 18 16 27 41 94 175 99 58 138 169 163 141 160 173 176 181 185 180 168 151 124 91 88 85 72 124 158 151 135 139 140 122 92 89 108 127 128 139 128 75 53 101 106 115 111 117 119 110 
148 163 158 161 164 172 161 136 102 58 94 104 133 111 39 39 31 32 40 53 113 160 131 115 67 147 175 153 163 170 177 175 172 174 161 144 122 90 85 96 107 146 165 128 79 64 66 22 74 92 63 59 41 77 120 125 84 40 85 102 117 123 128 125 
153 171 172 174 165 165 144 140 109 124 141 137 155 153 152 143 155 144 146 157 166 143 148 137 178 181 158 146 168 170 170 179 176 169 155 131 117 90 93 115 149 146 96 54 87 171 166 36 39 19 29 31 22 16 46 70 111 87 45 93 114 120 125 131 
161 172 172 168 157 150 152 148 146 148 151 155 168 174 163 164 165 158 157 163 155 160 150 169 178 161 148 152 161 174 180 172 168 167 153 121 109 91 95 107 159 138 95 95 128 135 145 55 50 27 18 21 13 26 44 23 53 82 89 77 109 138 135 138 
170 179 179 179 167 173 170 179 175 148 149 156 156 157 164 174 172 168 163 159 164 160 154 168 160 155 154 153 168 173 167 177 170 164 151 122 111 92 103 109 138 173 161 151 151 159 149 182 149 143 112 72 90 85 110 62 48 66 104 132 130 142 142 143 
171 180 174 182 170 168 190 195 192 181 172 169 174 166 150 136 132 143 164 176 174 173 161 163 166 155 148 158 164 173 174 180 176 161 144 127 107 94 96 118 124 149 158 152 161 162 166 161 155 150 138 156 115 133 131 88 88 70 96 141 167 170 161 149 
168 179 182 183 178 185 188 192 194 199 199 192 186 184 189 203 205 195 194 194 186 173 168 171 165 144 146 152 163 176 171 166 161 151 139 129 110 96 95 122 135 136 147 147 168 171 172 157 168 179 158 153 141 128 129 112 89 97 133 155 158 159 161 152 
172 178 182 183 185 182 193 199 199 196 193 195 201 207 209 210 210 207 202 191 179 170 175 174 154 149 145 160 170 183 180 170 168 161 140 123 116 103 98 113 141 141 142 157 168 179 178 167 151 142 142 131 127 112 113 89 94 120 156 180 175 175 172 172 
175 179 176 180 183 188 194 193 200 201 203 209 208 206 206 209 209 201 196 194 188 184 182 164 149 147 156 160 170 179 187 176 167 158 139 130 115 104 101 117 130 137 145 154 162 174 193 197 192 192 175 144 139 147 139 163 172 182 171 183 188 181 171 174 
172 178 179 183 185 185 189 195 201 207 209 208 207 204 205 204 200 195 198 192 191 183 172 160 150 143 156 161 169 174 176 176 171 162 150 131 117 103 105 108 128 139 143 151 156 167 185 190 194 198 204 207 196 194 188 190 184 181 184 185 182 176 173 174 
170 177 178 182 184 186 194 200 205 206 208 205 202 202 204 201 195 194 196 191 188 173 167 156 142 153 152 168 172 175 179 178 175 164 154 143 127 106 113 111 120 136 144 152 154 166 182 183 191 193 202 201 204 203 197 198 193 190 188 186 184 176 172 170 
170 176 177 182 184 190 199 203 201 202 205 204 200 196 191 190 190 194 195 193 186 176 168 153 146 160 157 170 180 186 188 182 171 167 157 144 140 109 101 110 119 137 145 157 156 162 167 181 179 193 203 202 200 199 195 196 191 189 185 181 178 173 168 167 
172 174 174 181 184 189 195 198 200 199 203 201 197 193 193 194 193 197 197 198 185 178 167 150 155 158 164 172 194 196 194 188 182 169 164 155 151 130 97 116 119 133 146 159 160 166 172 170 172 180 188 198 192 194 189 192 190 188 186 186 179 170 166 166 
171 169 178 175 187 192 193 196 199 200 199 197 194 191 192 195 195 195 196 193 187 178 167 144 155 168 180 192 217 220 213 206 199 177 160 155 148 147 115 112 118 130 148 164 162 171 171 168 174 176 178 180 188 192 189 188 188 186 183 182 177 168 165 167 
169 172 176 180 187 190 190 197 197 196 195 194 191 196 193 194 197 195 195 193 189 179 159 149 156 169 180 196 199 200 205 210 203 175 163 152 140 140 136 120 111 125 148 165 165 171 173 173 177 175 180 176 181 184 184 185 184 184 179 177 178 173 166 164 
164 171 178 182 181 190 191 193 191 192 193 195 195 199 199 197 199 198 196 196 193 164 150 149 140 134 143 161 178 183 190 184 178 165 153 136 119 127 126 134 121 127 157 165 178 171 174 175 176 174 180 177 176 179 180 179 178 179 176 175 176 174 164 160 
161 176 172 177 178 187 189 189 190 194 197 197 198 201 205 204 202 199 196 197 193 145 151 143 125 111 116 150 164 170 173 170 151 130 116 102 101 105 114 122 125 127 147 178 178 174 178 178 176 172 182 183 178 178 177 175 174 175 175 176 169 167 162 160 
167 171 174 169 175 183 187 186 188 191 199 194 198 201 203 204 203 198 199 197 176 133 110 93 79 93 128 136 143 138 151 156 131 106 91 89 86 72 76 92 127 126 135 175 184 184 186 185 187 177 176 181 180 178 176 173 170 170 166 168 160 157 160 158 
165 168 178 173 178 183 186 184 191 189 194 197 198 199 202 202 200 195 198 200 169 107 66 30 24 20 34 115 121 113 122 129 114 88 71 33 16 15 14 38 82 111 110 152 188 188 188 186 188 184 181 182 178 181 177 174 171 169 162 159 163 153 156 153 
163 166 177 174 174 175 179 179 182 189 190 189 196 198 203 204 200 196 197 192 173 86 60 34 24 17 17 20 79 95 89 85 87 44 13 8 8 11 23 24 37 73 105 115 178 190 190 189 187 189 179 184 178 183 176 174 169 161 158 154 156 150 153 151 
161 165 171 170 172 172 177 180 178 179 190 189 193 197 198 198 199 196 193 182 168 123 90 90 74 49 22 13 51 76 59 58 58 30 29 11 12 7 13 27 32 56 86 104 155 187 193 193 185 187 179 186 177 179 175 171 169 160 157 152 154 152 150 149 
158 163 161 166 169 171 176 182 181 182 185 187 190 194 196 194 192 194 193 184 163 144 91 122 155 154 129 82 101 72 61 50 59 61 72 74 46 66 92 104 89 91 81 100 136 173 192 188 191 187 184 183 178 178 172 170 169 167 154 149 153 147 142 141 
150 162 163 166 167 169 174 182 179 180 183 184 189 193 194 191 191 189 192 189 170 161 122 100 130 153 164 146 136 108 72 51 62 78 108 115 117 123 114 116 111 89 72 106 125 155 188 192 185 185 184 179 169 171 170 164 166 160 154 147 145 140 138 141 
144 154 157 160 163 165 169 175 176 180 184 186 186 183 185 187 186 189 194 190 179 165 165 148 133 127 152 157 148 119 60 57 72 93 109 114 102 110 104 98 77 55 87 125 133 170 187 191 189 187 180 176 176 165 171 172 158 155 153 147 140 133 131 134 
145 159 160 161 165 167 171 178 174 175 178 181 184 185 186 189 192 191 195 187 179 183 166 167 162 137 111 100 98 151 169 155 144 144 101 93 64 73 109 118 128 144 146 148 172 181 186 193 189 185 177 173 177 166 164 166 160 155 145 140 138 129 125 125 
141 152 162 163 163 165 165 172 174 172 178 177 178 183 182 187 190 192 182 185 180 184 165 166 144 118 82 78 92 105 128 171 177 131 117 96 67 55 74 121 133 139 146 155 169 173 180 189 187 180 178 171 173 164 164 161 154 147 139 134 135 121 117 120 
140 151 161 157 162 166 166 170 167 170 180 181 177 181 182 190 191 186 183 174 177 170 157 112 84 73 100 81 95 121 93 127 158 119 114 100 61 54 65 82 130 136 154 156 163 173 173 177 184 181 176 165 168 163 163 154 148 145 140 128 124 118 114 115 
136 149 161 159 159 162 165 165 167 166 175 177 181 182 185 188 183 184 177 175 168 136 124 86 75 60 71 71 99 91 96 130 138 95 90 101 68 50 52 57 109 124 149 156 157 165 167 176 182 178 171 167 166 160 157 152 143 140 141 130 120 117 116 118 
133 144 152 159 161 160 166 166 170 167 172 175 179 185 185 188 186 179 167 160 126 94 87 68 69 68 56 60 85 106 105 137 142 102 88 90 65 55 40 58 73 78 137 159 149 160 162 172 176 176 173 170 164 156 154 149 144 141 133 124 114 111 114 117 
134 147 151 156 161 156 164 161 163 168 174 176 178 183 181 179 177 163 120 111 93 78 70 77 67 47 78 81 109 136 109 123 117 124 107 95 66 47 44 57 62 70 85 120 145 154 152 163 169 175 168 168 165 158 152 147 139 139 128 118 113 108 114 115 
129 135 143 152 158 154 160 161 164 169 172 175 181 181 180 170 158 133 108 91 99 93 87 74 83 75 94 100 141 119 119 145 149 134 130 108 74 54 47 52 43 60 70 67 109 117 144 160 169 176 170 165 162 154 149 140 137 129 125 118 113 111 118 115 
126 138 147 146 155 156 159 165 165 172 175 176 179 177 148 126 104 108 90 79 97 112 104 95 91 119 137 169 184 164 153 161 167 159 170 141 100 55 66 47 54 57 66 73 83 74 98 142 153 163 170 165 159 152 148 141 135 125 123 118 112 113 120 115 
128 134 148 150 158 156 156 158 161 170 174 174 182 164 117 99 93 90 99 86 113 130 123 111 150 175 193 188 186 194 185 194 196 187 186 176 161 105 79 74 67 73 61 69 62 69 88 119 114 149 167 164 156 149 150 142 127 124 127 122 117 114 113 112 
137 141 151 152 159 159 160 153 160 170 174 175 171 136 105 102 112 119 125 116 122 137 152 179 174 163 165 152 140 132 149 168 158 159 151 147 172 182 176 139 99 93 90 68 63 75 69 76 101 125 147 160 153 146 143 134 127 126 124 119 116 113 108 110 
126 141 150 148 153 157 158 155 159 170 169 172 154 117 124 112 129 128 121 124 152 164 159 138 138 150 148 142 138 122 110 113 114 111 112 116 130 134 149 167 155 125 99 91 86 79 86 97 89 98 121 149 148 148 138 133 128 121 115 113 114 116 115 111 
108 134 153 152 157 156 153 147 159 167 158 153 143 143 114 123 121 121 123 141 143 124 122 135 142 150 151 136 113 95 112 110 85 91 118 123 122 124 106 102 134 141 138 103 92 104 102 93 84 80 107 141 151 144 137 132 125 118 112 114 114 112 116 111 
120 138 140 142 144 143 143 143 154 154 146 140 122 117 132 128 115 123 121 108 77 74 96 116 98 101 84 86 84 75 74 72 76 76 76 59 71 86 77 75 72 98 121 115 119 112 104 122 101 105 105 124 152 147 136 126 116 109 109 117 113 112 120 116 
122 130 123 130 125 124 120 122 137 148 152 131 128 137 129 122 123 115 94 100 87 90 87 86 89 83 85 94 94 74 57 45 43 36 38 33 38 31 40 36 37 38 44 72 94 126 125 113 101 107 113 117 141 139 128 123 114 107 101 108 105 109 115 111 
126 111 112 122 119 105 98 126 136 151 149 134 138 147 152 146 146 149 159 193 191 177 173 177 168 174 162 156 150 148 134 129 141 145 148 146 141 146 142 139 127 97 70 88 69 88 113 107 122 110 98 112 138 130 119 110 104 105 106 112 115 111 108 107 
131 110 104 100 88 95 97 119 128 152 154 152 157 136 132 133 141 144 165 168 169 171 173 183 177 184 189 185 186 179 158 149 157 158 160 164 148 166 150 146 161 168 164 166 166 136 134 139 125 124 125 105 105 119 118 101 98 92 97 103 118 95 102 101 
134 114 106 94 85 88 95 110 115 147 146 151 152 153 152 154 147 154 168 158 170 161 159 166 169 153 166 181 187 188 192 182 181 179 176 173 168 174 161 152 145 136 155 160 151 133 148 113 137 118 111 106 112 101 97 90 90 85 96 87 112 83 82 90 
123 118 96 84 91 80 91 112 101 144 147 146 143 139 135 151 125 147 163 160 159 158 156 158 163 152 140 140 151 151 150 133 140 145 155 143 138 127 135 134 140 147 160 159 155 142 121 126 106 122 114 97 113 112 100 96 89 82 86 72 94 99 76 77 
108 111 91 89 86 78 82 89 93 117 141 137 133 111 131 117 130 153 163 161 153 158 155 148 137 113 112 125 118 107 116 109 120 108 109 119 120 120 133 127 136 144 153 157 160 157 137 115 118 124 117 108 102 128 110 91 80 70 80 63 66 72 61 71 
105 108 100 83 79 74 86 106 81 101 134 125 124 121 158 153 160 163 171 169 156 149 145 138 114 94 105 99 84 89 109 106 107 89 79 106 106 115 133 132 144 142 153 155 160 160 143 134 120 111 107 110 103 94 85 88 75 60 71 60 60 60 59 58 
100 100 106 84 83 78 74 80 69 98 114 112 128 123 144 148 159 148 158 163 163 135 138 135 122 101 91 98 90 96 113 93 93 86 84 96 102 114 130 135 147 141 146 155 163 166 151 142 117 102 103 107 97 94 81 76 79 68 57 61 64 57 57 68 
81 89 106 83 74 67 76 72 69 89 98 101 106 92 120 133 138 124 138 147 161 150 156 155 141 104 102 97 92 102 111 86 82 78 93 97 121 117 145 140 142 151 145 155 156 159 138 133 140 102 87 100 78 78 101 73 70 68 57 57 70 58 59 64 
84 81 99 81 71 65 76 62 63 74 79 98 91 116 115 117 123 126 113 122 141 155 161 171 154 147 121 115 102 105 88 90 82 103 89 117 136 141 158 145 150 146 148 144 146 136 128 108 130 110 87 81 76 73 92 59 82 75 65 52 64 70 58 67 
84 73 84 81 68 60 64 73 56 73 68 89 70 95 87 89 108 103 99 140 154 165 171 175 170 162 143 132 111 110 82 80 77 100 106 130 151 162 160 156 149 139 130 133 139 120 99 95 103 92 70 64 67 76 79 61 101 90 59 59 69 72 77 88 
