69 84 100 84 84 80 102 107 122 113 120 129 124 134 138 152 162 176 179 182 186 188 197 203 200 203 202 207 217 213 207 208 202 213 202 207 200 203 200 198 195 198 192 199 202 193 190 186 176 173 173 170 170 169 147 159 153 143 155 140 145 143 134 110 
62 69 92 95 92 84 103 101 118 128 137 141 126 136 141 148 166 171 184 181 186 189 191 199 202 205 201 209 206 209 203 209 201 203 207 214 210 207 214 207 207 208 205 203 203 197 195 191 181 183 180 171 171 169 168 157 162 141 158 147 148 141 138 105 
64 73 90 93 93 90 102 113 112 123 132 135 134 139 135 158 175 180 181 192 187 184 195 197 201 210 208 218 212 215 211 206 206 205 206 210 214 215 217 213 209 210 213 203 202 207 191 191 187 188 186 181 168 178 172 170 147 152 146 143 151 150 134 105 
66 78 91 102 92 93 108 119 123 132 133 144 144 142 138 160 176 183 179 181 191 198 206 199 204 195 214 215 217 218 200 200 202 210 206 217 215 219 211 214 216 218 212 208 206 197 196 197 190 186 187 182 183 172 170 170 159 160 136 135 143 148 124 104 
73 70 75 88 94 91 102 122 123 139 132 145 149 154 144 167 172 179 174 185 187 195 196 204 216 215 208 212 211 210 203 199 189 207 202 214 220 220 220 207 214 208 203 214 207 201 194 196 189 186 171 155 155 132 122 144 165 143 144 149 134 145 130 110 
56 69 82 83 89 89 103 119 118 124 131 139 139 154 159 166 176 175 183 189 185 195 199 206 212 215 210 216 210 209 205 205 201 209 207 213 206 212 211 206 207 208 206 206 203 189 178 181 171 164 146 130 123 153 122 99 97 100 85 104 143 133 126 112 
62 69 78 82 81 94 91 80 86 88 131 137 148 149 164 176 172 181 189 191 186 194 197 204 206 218 210 205 214 215 208 197 188 199 197 213 218 211 205 207 208 213 205 196 180 176 177 150 128 128 79 59 100 96 125 98 77 63 65 75 70 119 124 117 
58 62 66 65 68 82 65 86 94 80 88 99 104 133 129 145 159 181 196 191 187 191 194 202 201 208 207 208 214 208 201 198 198 194 211 202 203 215 207 206 196 203 190 184 185 161 127 87 29 136 38 27 79 100 82 79 67 61 31 24 44 83 118 105 
45 66 64 29 33 69 43 66 21 107 85 81 85 90 96 128 119 149 163 188 188 193 183 196 198 201 202 203 195 198 203 200 187 195 195 205 212 203 185 202 150 174 136 100 131 60 68 51 53 27 59 84 133 80 91 61 104 39 38 38 40 46 88 89 
52 49 28 21 28 12 35 102 44 35 41 33 12 43 7 19 24 61 64 98 156 172 179 188 191 194 197 197 192 194 195 168 181 187 193 190 203 191 189 128 144 68 101 34 34 10 15 12 36 60 91 146 105 88 114 95 85 48 72 70 64 95 68 88 
43 31 12 3 4 7 4 10 20 5 36 49 14 21 59 25 27 32 42 62 67 122 128 175 185 190 189 193 196 194 182 177 193 184 186 185 204 175 140 132 93 34 28 29 13 13 37 50 91 129 175 140 162 131 128 134 104 87 90 104 92 55 86 56 
48 6 10 4 0 1 20 11 42 68 68 41 27 38 8 14 4 12 3 20 41 45 85 144 159 164 180 188 187 188 182 174 181 188 173 184 171 152 126 94 63 45 29 34 45 67 82 116 176 163 175 160 154 144 144 119 103 106 115 109 81 76 82 114 
37 26 10 11 12 13 17 60 91 88 93 114 102 110 70 41 32 13 11 12 10 33 55 96 134 153 173 181 186 181 182 183 176 190 173 179 157 137 112 99 58 58 53 52 76 93 127 141 147 158 146 146 149 124 127 120 125 97 90 94 92 84 89 88 
40 22 8 15 26 40 34 61 84 97 136 107 118 129 135 117 86 56 40 32 31 34 41 69 102 131 144 170 178 177 188 187 176 175 173 144 135 114 93 90 63 56 71 83 74 48 38 39 35 63 70 81 83 77 82 82 96 98 92 89 93 95 93 110 
43 24 10 12 16 36 38 65 75 94 103 115 113 114 121 103 82 48 29 30 39 18 23 43 59 83 125 152 176 184 176 197 183 180 165 138 107 83 59 44 54 67 57 19 21 11 11 74 178 4 1 29 15 17 38 24 54 58 82 89 110 116 124 131 
43 26 23 17 14 30 27 49 46 51 39 32 13 8 2 5 77 23 5 18 14 11 19 25 29 41 81 134 176 178 187 195 196 194 176 143 104 60 58 61 58 39 50 51 117 63 75 20 5 70 47 106 81 33 26 29 46 27 70 95 115 129 140 142 
53 55 45 15 31 23 25 19 12 10 11 6 26 10 28 19 2 33 62 104 70 31 24 16 22 10 43 96 161 178 190 198 223 203 195 171 109 78 69 66 67 67 89 132 166 157 113 112 92 102 55 179 144 111 81 53 67 79 86 101 134 150 159 158 
63 70 69 59 40 27 37 31 15 14 18 43 89 87 72 83 84 91 79 177 129 110 31 53 45 30 26 85 151 185 195 210 221 216 196 182 120 112 132 178 131 122 98 143 160 165 141 105 103 99 179 177 153 124 114 77 114 121 130 133 147 172 167 162 
72 76 97 83 66 48 31 25 26 39 80 126 131 167 86 93 87 123 143 156 120 111 82 90 107 70 47 76 140 185 187 205 220 213 201 180 133 155 176 191 167 166 136 157 176 154 175 168 203 184 182 163 161 127 102 120 129 148 157 161 167 178 173 165 
70 83 101 114 98 88 71 63 34 41 86 84 139 148 135 145 162 175 172 177 152 159 153 162 154 99 89 78 137 174 189 206 213 205 191 180 153 179 181 190 171 165 146 126 129 160 180 179 170 170 159 134 127 104 143 146 154 167 172 178 172 176 172 170 
72 88 103 115 116 105 95 84 65 46 68 95 127 139 123 153 149 180 158 147 158 129 149 149 151 117 115 91 128 169 189 206 209 204 190 176 168 179 189 192 179 178 145 118 139 133 137 145 135 131 129 116 131 139 154 158 169 173 170 176 178 175 170 166 
76 95 107 124 124 120 121 104 101 81 64 59 96 107 130 148 160 159 162 150 150 164 166 191 143 154 121 102 112 157 189 196 205 203 181 175 172 178 188 187 202 185 154 154 149 167 161 166 154 155 160 158 158 167 173 178 190 191 185 184 178 178 161 161 
61 97 108 116 129 137 143 125 117 108 95 92 78 84 76 78 84 92 112 163 167 182 192 176 151 154 124 117 104 149 179 197 197 191 171 168 173 182 181 193 194 187 187 180 184 190 193 190 190 185 188 184 184 182 184 187 192 189 186 189 181 170 164 165 
65 89 105 116 129 142 154 151 141 126 112 110 118 119 132 155 164 177 181 195 179 192 190 152 158 151 123 113 100 137 172 186 202 187 169 174 170 176 186 191 184 197 192 179 185 182 195 206 203 201 197 195 191 191 191 193 194 187 184 187 182 168 158 148 
70 84 99 110 124 142 157 170 153 175 159 148 146 166 172 173 171 176 172 178 188 192 173 163 156 146 138 110 107 124 175 193 199 184 169 174 167 178 179 188 181 185 197 192 190 181 185 190 191 189 186 183 195 198 197 196 200 191 188 181 181 170 154 148 
61 87 96 111 125 147 165 172 166 182 165 160 152 168 173 168 177 180 180 183 192 179 156 150 151 136 140 118 112 136 159 188 202 183 168 170 170 178 179 177 178 186 187 199 193 172 184 188 172 189 183 190 198 207 203 196 191 195 182 180 178 166 146 124 
62 73 83 106 128 146 163 175 177 183 182 174 170 188 174 174 173 169 178 188 184 170 151 144 141 131 138 128 124 148 168 184 194 189 175 174 167 177 180 175 182 183 191 195 199 210 188 183 192 186 198 195 207 199 206 198 196 186 180 182 172 164 146 124 
62 68 81 95 108 125 141 166 176 177 178 179 175 175 192 186 188 190 184 180 179 165 154 151 133 133 127 126 125 158 172 183 198 184 174 171 173 171 178 179 177 183 176 184 195 210 217 203 199 191 197 197 209 206 200 198 187 190 184 176 166 160 133 126 
57 65 70 80 106 113 125 157 165 176 167 179 173 188 192 180 178 191 179 176 180 164 143 132 133 123 127 113 113 164 170 193 201 186 179 171 167 175 177 178 178 174 178 191 193 211 206 218 207 217 203 202 193 194 193 198 185 183 180 172 154 147 127 115 
53 60 69 73 111 113 124 144 158 169 174 186 166 181 178 183 180 184 179 176 172 171 151 140 126 110 112 108 120 166 185 197 213 188 175 167 157 165 167 171 173 182 187 187 197 196 205 211 209 201 208 202 212 192 193 186 175 172 170 162 148 130 117 114 
43 53 51 60 88 111 113 139 137 166 175 175 182 183 185 188 184 180 181 181 181 173 160 137 102 104 102 106 138 154 181 196 197 193 170 165 160 156 168 165 161 178 182 193 196 193 203 214 212 210 209 206 204 196 197 187 184 174 169 160 147 138 122 111 
50 61 46 61 79 105 117 126 155 170 178 176 183 181 187 178 174 177 183 180 177 175 154 143 107 115 98 110 130 161 184 191 215 189 187 166 151 153 166 170 161 158 181 202 186 205 207 192 209 199 194 205 207 189 185 181 168 163 150 148 138 130 109 110 
46 49 45 60 66 79 103 106 132 162 170 178 187 177 185 173 177 173 176 185 186 183 174 113 127 140 109 119 140 162 183 195 223 197 179 176 169 153 176 173 168 153 175 185 197 191 198 188 205 192 205 202 197 193 186 182 169 164 164 155 132 125 112 97 
32 53 46 51 67 70 89 102 122 124 153 168 172 174 164 172 178 176 171 179 180 184 165 103 121 126 102 119 139 170 186 216 216 176 179 164 163 150 166 168 164 160 173 181 188 189 203 206 200 199 202 196 195 188 183 172 163 159 145 140 129 115 115 95 
209 48 45 53 58 64 75 95 125 130 145 139 156 164 173 173 177 172 177 177 179 175 148 93 118 112 94 103 145 146 187 219 219 190 172 161 155 151 160 165 154 147 167 176 189 186 194 190 189 203 197 193 191 179 176 171 164 153 141 130 125 117 114 107 
222 48 42 52 56 72 74 88 108 102 125 159 148 156 162 163 176 174 172 175 173 161 126 85 98 98 80 80 126 151 167 171 182 186 162 152 133 141 149 160 147 129 161 192 183 186 182 186 186 187 192 188 186 178 179 160 150 150 135 126 117 113 118 96 
223 62 46 47 60 61 77 97 99 123 132 142 147 156 151 163 164 179 180 177 171 165 132 69 70 70 56 51 76 122 129 152 163 171 151 127 118 124 138 147 133 129 185 194 194 190 196 183 184 198 188 183 179 176 176 161 156 153 133 120 115 128 109 96 
218 145 42 43 58 69 59 81 102 112 121 133 152 158 152 163 168 173 180 171 174 164 136 70 39 35 24 24 46 74 95 115 116 127 114 99 74 41 74 95 100 126 200 203 208 192 187 194 196 183 181 182 178 179 178 172 160 134 142 124 117 109 110 99 
217 199 41 50 49 72 78 77 82 108 122 140 143 157 154 152 147 176 183 184 189 174 140 103 29 23 8 4 2 21 49 63 73 68 42 37 49 43 41 61 88 182 199 203 208 207 193 179 184 184 186 178 178 174 168 166 153 142 137 125 129 115 104 95 
220 226 45 30 43 57 72 82 85 102 121 126 140 157 158 162 165 172 174 183 182 172 155 124 87 44 26 13 9 6 5 25 31 50 53 72 97 82 99 120 177 194 206 197 204 212 201 190 198 180 184 178 176 179 174 169 160 148 138 136 126 115 106 96 
222 217 51 34 46 67 69 78 82 86 116 131 140 149 147 160 177 183 186 182 178 178 157 139 117 87 64 47 24 28 20 25 38 50 82 117 120 137 162 164 192 198 201 203 206 201 202 192 198 181 185 173 180 174 163 163 152 139 142 137 124 109 106 97 
222 221 113 39 44 61 63 76 80 82 110 110 130 140 144 155 170 176 177 186 174 180 167 155 134 112 56 70 51 67 68 71 62 83 102 134 127 127 131 142 189 200 205 200 199 195 195 187 195 186 185 179 174 170 164 160 148 140 137 140 126 111 98 99 
221 222 193 28 40 58 61 66 68 85 97 111 122 136 137 152 169 173 174 174 175 169 169 159 132 104 70 79 61 64 92 121 119 111 133 136 127 142 146 114 154 197 201 193 201 192 187 196 186 175 169 173 167 160 163 155 145 144 130 131 132 105 101 83 
222 221 221 29 36 52 66 85 63 79 85 116 121 137 128 135 160 175 172 173 157 168 155 160 139 106 96 103 79 104 144 142 144 138 138 151 154 135 139 117 150 193 171 159 197 193 188 179 180 175 173 167 157 163 161 154 149 127 132 131 131 113 100 91 
220 224 222 43 35 44 56 83 76 74 91 98 112 116 125 128 140 148 159 133 166 150 132 140 116 136 101 122 98 134 168 190 186 173 150 142 175 172 155 109 116 150 151 153 138 151 163 181 168 174 175 164 152 153 152 146 137 129 132 133 123 105 90 86 
224 226 219 124 32 43 58 76 72 73 90 98 101 106 111 128 142 140 118 147 123 107 85 83 115 133 127 149 140 187 205 202 200 187 186 203 160 156 172 142 132 124 150 124 117 125 132 163 169 163 165 161 149 150 144 139 135 136 136 129 115 104 87 78 
222 222 222 216 31 43 61 78 77 74 79 86 90 105 112 132 122 97 105 110 91 103 81 107 133 138 151 166 176 169 196 211 185 186 207 200 202 176 186 147 148 127 133 128 116 127 97 127 123 137 150 157 145 135 140 133 138 126 134 132 114 93 79 68 
223 224 220 219 28 27 43 71 73 76 80 95 89 98 96 122 100 99 109 99 107 83 114 140 129 127 124 115 104 112 109 113 156 153 133 128 137 132 163 168 156 144 139 144 128 117 111 121 131 126 113 145 139 136 134 136 134 130 119 127 109 90 70 69 
222 224 223 219 119 17 36 50 59 69 70 90 91 92 84 107 84 88 104 91 67 85 103 107 71 63 56 73 70 55 70 73 93 88 74 81 89 94 96 89 86 90 113 119 92 92 101 93 112 110 123 128 135 126 135 135 133 126 131 127 99 84 68 54 
222 224 221 221 223 27 39 55 65 66 66 76 95 98 93 102 93 82 107 63 68 39 27 25 17 26 22 27 30 25 18 21 36 35 46 38 33 48 54 44 41 34 39 50 51 36 48 76 104 101 120 147 133 131 125 127 128 120 120 110 93 60 63 78 
223 226 220 218 223 60 21 42 57 57 68 72 80 97 97 97 85 86 84 72 81 100 52 35 54 74 89 111 100 81 115 96 99 66 112 130 111 112 132 139 122 109 80 81 128 141 110 99 100 106 134 131 135 122 128 111 117 120 103 96 76 54 50 220 
225 223 223 221 228 219 17 25 42 55 60 67 81 82 96 121 93 107 127 112 148 135 147 145 135 136 111 106 173 163 144 155 164 102 166 165 172 203 150 158 147 140 157 184 169 175 172 145 137 126 106 139 124 121 119 118 116 100 96 76 57 52 70 220 
222 223 224 223 223 219 23 19 30 48 71 49 67 79 106 118 113 129 139 154 155 155 152 140 141 131 117 127 161 149 158 166 187 141 183 195 166 171 137 149 133 156 150 158 172 180 187 164 143 137 132 140 130 118 114 105 102 88 85 66 55 47 116 210 
223 217 221 222 221 8 7 23 22 38 58 60 45 77 90 112 110 148 153 134 148 158 145 133 131 129 124 137 137 114 144 170 190 141 182 169 136 146 145 158 158 137 148 163 166 175 164 166 159 144 136 131 120 112 111 96 87 87 68 56 42 43 189 26 
221 223 218 219 6 7 5 6 10 22 43 48 51 75 69 91 96 118 123 153 142 151 142 144 128 120 123 121 114 134 128 120 130 155 119 120 135 141 148 140 133 144 158 172 164 172 152 162 139 132 138 109 111 93 109 85 83 65 61 48 32 44 195 100 
221 221 221 57 4 3 0 11 16 17 27 28 42 54 70 104 101 111 118 121 134 149 116 123 129 138 129 126 124 109 102 69 62 75 64 77 100 129 140 140 138 139 147 146 157 161 162 150 135 104 109 109 100 84 62 78 71 62 40 35 52 50 208 147 
221 220 130 2 0 0 1 50 41 21 11 23 35 33 47 75 88 77 111 114 129 133 133 126 132 122 128 119 112 116 127 97 86 98 110 103 121 128 142 151 142 143 134 143 159 159 170 130 109 80 114 113 99 81 84 64 63 44 46 43 50 54 221 165 
226 201 4 5 1 0 2 70 64 12 17 9 14 27 33 53 76 74 93 112 130 135 127 137 131 125 115 101 101 97 111 144 107 107 78 95 128 88 109 114 144 146 149 145 150 147 157 136 125 90 121 102 80 71 60 59 42 36 36 49 53 75 217 177 
217 8 3 3 0 3 14 68 81 3 4 20 18 18 21 37 65 76 88 99 113 131 138 150 131 147 137 136 120 105 114 107 65 47 65 92 92 110 125 154 166 157 155 170 161 157 157 111 125 96 112 96 69 63 54 39 43 39 52 54 51 161 201 188 
11 5 0 1 0 2 51 74 88 6 2 0 16 18 17 37 40 73 79 89 97 120 133 144 152 165 160 154 148 132 137 128 120 154 152 121 172 177 186 177 171 178 180 176 161 132 139 117 94 94 108 84 58 67 53 38 40 49 56 55 72 217 190 201 
1 2 0 1 0 2 77 71 101 24 7 1 1 15 14 14 35 50 79 90 91 110 134 149 160 166 174 187 173 174 198 211 205 205 198 209 212 203 198 197 185 194 185 182 140 147 129 120 92 93 95 76 59 48 43 39 47 58 57 59 116 222 187 198 
0 0 0 0 0 0 84 80 110 46 9 10 2 1 9 19 20 36 51 88 98 94 124 143 146 170 180 191 185 197 195 199 170 176 174 194 193 193 181 188 187 185 177 171 161 137 136 121 102 81 59 54 48 36 38 47 56 64 67 79 214 215 214 200 
0 0 0 0 0 4 79 86 108 104 10 10 4 0 0 11 9 18 30 62 82 85 112 112 121 119 172 171 146 170 188 202 212 197 188 198 182 205 193 180 161 161 165 162 140 121 99 94 116 109 40 58 36 32 49 60 61 67 79 112 235 202 219 193 
0 0 0 0 0 12 88 87 95 142 27 14 8 5 0 0 1 19 16 43 54 60 83 99 87 120 114 107 130 147 169 178 181 191 167 163 179 171 150 152 140 118 111 131 127 79 107 71 82 50 53 36 33 50 59 65 75 79 97 227 229 211 220 204 
