83 117 135 151 163 163 169 176 177 183 185 186 190 193 194 196 195 202 198 198 201 200 200 199 198 198 197 196 194 197 198 198 197 194 194 196 197 192 186 186 188 183 186 184 183 179 178 178 174 168 169 171 164 159 149 138 127 130 127 119 109 96 82 57 
91 118 142 160 161 172 169 179 179 186 187 189 192 195 198 198 197 199 200 198 198 198 196 197 198 197 197 196 193 197 198 198 197 196 195 196 195 191 188 186 183 187 184 184 183 181 177 174 172 172 171 166 168 161 156 147 130 135 128 120 114 100 83 66 
99 125 147 163 167 175 174 178 180 185 184 191 192 194 195 199 198 197 197 196 200 199 197 198 198 197 197 197 195 196 197 197 196 198 195 195 193 191 188 188 187 186 185 184 184 183 180 177 174 171 171 173 169 159 163 155 141 129 125 121 110 106 92 69 
104 133 139 154 162 175 177 176 182 189 190 193 191 192 193 196 193 195 195 195 200 196 197 199 198 197 196 196 194 193 197 196 197 197 193 194 194 192 188 188 188 186 185 184 182 181 177 177 172 173 174 172 172 165 161 152 133 123 120 111 104 98 88 71 
102 121 123 127 123 128 131 143 162 185 188 192 190 190 188 191 190 194 194 195 192 192 194 196 200 198 195 194 193 195 196 195 194 196 195 194 190 190 190 186 186 186 180 182 182 177 175 178 176 176 172 170 162 151 138 134 121 112 85 85 85 79 75 70 
63 63 64 74 80 87 86 92 102 97 133 152 169 175 188 190 187 192 192 193 193 193 194 194 196 199 196 194 193 196 194 193 192 194 193 192 189 189 187 187 187 185 181 180 179 174 174 164 169 167 159 142 121 93 91 82 73 64 57 52 58 51 42 42 
62 75 67 65 69 66 69 65 67 72 77 93 95 124 160 171 174 184 190 198 193 194 195 195 196 197 196 194 194 195 195 193 194 192 192 191 190 188 185 187 179 178 172 173 173 166 163 148 142 115 93 78 72 59 67 54 51 50 53 43 41 42 40 37 
71 99 92 92 95 90 76 74 75 78 74 83 80 78 90 108 130 160 160 182 185 190 193 194 193 197 194 196 194 195 191 190 192 193 191 189 191 189 184 185 182 175 176 164 162 149 121 98 63 56 56 52 45 50 43 58 54 54 56 61 65 62 50 44 
108 124 142 134 151 159 152 148 98 88 76 61 64 86 60 67 74 77 110 126 168 159 187 191 194 192 193 191 193 195 193 193 190 191 191 189 182 187 184 179 166 154 147 135 97 77 69 67 60 55 69 47 62 66 73 80 94 97 110 98 101 88 75 69 
135 162 161 182 178 180 174 177 171 167 142 121 77 69 84 65 77 77 70 92 119 157 157 179 190 192 193 193 193 197 194 193 191 188 185 183 183 179 179 171 134 104 94 74 75 69 58 52 60 54 76 84 114 127 134 139 145 134 136 129 122 114 106 91 
148 162 169 170 169 157 167 142 150 147 147 146 154 153 142 118 75 82 78 85 95 123 133 166 179 190 192 195 195 197 194 193 189 187 181 177 178 180 149 127 93 90 82 64 68 70 58 63 94 123 127 122 112 111 124 126 120 130 123 125 124 117 102 90 
143 157 154 152 152 115 124 92 92 71 76 103 122 123 123 133 147 143 130 112 114 117 127 144 167 189 193 195 194 193 194 193 186 183 180 175 168 162 111 109 90 72 82 77 89 105 122 117 105 97 109 105 93 86 92 76 88 101 98 108 105 102 88 85 
125 136 144 136 94 55 69 88 114 50 86 90 100 104 86 53 89 142 144 150 151 154 154 157 165 186 189 194 194 193 191 190 184 178 171 163 157 147 107 108 110 117 120 120 114 113 115 89 44 42 56 78 74 78 66 59 47 37 37 65 82 80 81 74 
100 124 103 90 49 41 40 70 33 21 40 37 84 54 84 100 91 66 87 137 151 155 157 158 166 176 183 190 192 191 188 188 185 175 165 158 147 137 126 122 122 120 119 115 104 78 49 51 71 63 93 87 71 65 42 40 41 47 51 51 29 62 68 66 
103 62 97 78 57 53 35 19 34 69 19 17 18 17 33 70 94 94 94 77 133 149 151 157 158 170 178 186 189 189 189 184 180 171 157 143 134 129 116 114 113 114 108 97 52 58 81 107 50 50 31 29 18 16 11 14 6 14 29 34 35 34 41 56 
115 82 46 33 32 22 31 107 130 48 51 157 180 134 28 34 22 106 79 96 103 124 136 144 158 160 172 177 186 190 190 186 178 167 151 136 128 119 108 113 114 109 92 61 84 98 100 43 62 34 153 122 26 17 19 26 83 26 13 20 24 26 34 47 
149 131 85 51 47 59 98 152 182 74 93 50 15 7 42 54 66 138 95 113 103 126 134 143 146 156 166 178 183 189 190 188 182 164 146 131 121 110 108 110 108 106 102 97 99 73 72 164 52 46 38 11 5 32 52 56 135 105 58 41 26 24 19 41 
152 155 133 95 71 82 117 169 200 148 80 101 91 87 79 66 160 194 153 105 103 143 146 157 151 156 166 174 181 187 191 185 176 162 142 128 114 106 109 111 114 118 142 146 78 100 151 191 131 81 96 97 89 62 55 61 159 126 69 41 25 24 28 55 
162 161 153 144 113 108 113 120 164 175 76 79 75 78 70 76 185 170 144 107 175 78 150 173 164 161 168 175 180 185 184 183 174 155 140 128 114 113 109 113 110 155 135 70 60 141 172 196 207 68 86 94 89 80 46 132 127 86 67 58 52 42 43 50 
161 163 161 164 145 141 122 124 116 121 134 146 112 105 119 141 115 114 113 118 110 110 107 163 174 164 174 177 176 180 185 186 169 151 140 127 118 121 118 122 138 133 66 129 85 108 119 129 145 142 126 110 100 103 110 104 92 79 81 74 70 64 64 69 
161 166 171 167 163 159 156 148 141 123 136 146 138 141 117 130 137 135 125 145 155 170 184 176 184 169 177 177 179 180 187 184 169 155 142 131 120 128 128 139 150 146 150 161 151 175 159 153 156 138 140 91 135 104 111 94 100 96 95 89 88 80 87 94 
166 171 175 177 177 176 174 176 163 163 169 159 153 156 147 146 147 148 149 165 161 165 175 186 184 182 180 179 181 181 186 186 175 159 148 138 130 129 139 138 153 156 159 157 150 167 144 152 151 151 133 142 145 126 133 120 129 124 117 109 101 94 99 104 
171 176 178 175 176 185 187 185 184 186 185 180 174 178 174 172 175 177 173 177 179 171 183 187 184 185 184 182 181 178 185 190 175 162 153 143 136 135 145 147 148 156 161 163 167 173 175 170 170 171 176 170 164 159 152 143 140 137 127 115 105 109 114 118 
169 177 180 175 176 183 181 185 189 186 189 183 185 183 183 177 180 177 184 184 188 185 185 184 187 187 182 181 177 181 180 184 177 172 156 148 140 139 150 154 152 155 160 166 167 170 171 175 180 176 173 171 167 168 158 151 147 142 135 131 120 112 125 127 
175 176 177 176 177 180 179 181 180 183 181 182 182 184 186 186 182 186 187 189 190 190 193 191 188 187 183 182 178 183 189 185 178 170 166 152 148 142 150 152 154 157 160 164 171 173 176 176 177 172 171 173 166 166 159 154 147 140 135 127 133 140 140 135 
174 177 176 179 179 179 181 187 185 185 186 188 185 185 187 189 190 191 191 192 193 193 190 194 188 185 187 187 183 186 189 204 179 170 169 159 149 146 152 153 155 158 163 169 172 171 177 176 175 176 177 175 174 170 165 165 164 153 152 151 150 151 141 139 
175 177 176 181 178 179 178 181 184 183 186 188 188 185 190 190 190 192 194 194 192 193 191 190 189 185 187 185 179 185 187 190 177 176 170 159 153 149 151 153 158 158 162 166 171 177 177 178 179 180 183 183 181 177 177 176 169 163 156 156 154 148 144 138 
174 179 182 178 178 183 182 184 182 187 184 186 185 188 189 189 192 192 193 194 195 193 191 189 189 187 183 181 183 182 183 192 181 173 168 161 158 150 150 151 152 160 162 170 172 176 180 181 184 182 185 184 182 182 178 170 173 163 163 162 153 152 143 137 
179 177 180 180 178 187 185 192 192 192 189 189 191 192 190 189 192 191 195 195 194 192 192 187 184 185 186 184 182 181 183 182 179 175 171 163 155 151 150 149 153 159 164 171 175 176 181 184 185 184 185 187 187 181 181 176 172 165 164 159 156 151 143 135 
178 177 180 181 182 189 191 194 196 199 195 192 190 193 191 189 191 191 194 193 193 191 189 185 188 186 180 181 179 180 180 182 178 171 174 163 156 152 148 149 152 157 162 171 173 176 180 185 186 192 187 187 190 183 183 179 171 167 163 158 154 150 148 136 
173 182 183 184 186 190 190 194 195 197 195 194 193 190 189 191 191 191 193 193 191 192 189 188 190 185 182 180 175 180 180 185 179 177 177 164 157 151 146 146 146 150 159 167 170 176 182 183 185 189 191 188 192 188 184 179 173 169 166 159 155 149 144 138 
174 179 180 182 183 187 189 192 194 195 197 193 190 188 187 189 189 192 194 193 193 193 192 189 187 184 180 178 174 176 183 183 178 174 181 170 161 149 141 140 140 147 155 162 172 176 182 183 189 191 190 190 190 186 183 183 172 169 165 159 155 149 142 133 
174 176 177 181 184 189 189 189 191 196 195 193 191 192 187 189 186 189 192 190 192 192 190 187 186 183 177 177 173 176 181 181 177 177 180 170 160 149 140 138 137 138 147 161 170 175 183 184 188 189 189 190 190 189 184 175 172 170 164 160 156 151 143 137 
173 175 175 181 184 189 191 192 193 193 193 193 193 192 190 188 185 193 188 189 189 186 184 180 180 181 180 176 174 178 184 185 183 175 181 179 161 150 137 134 136 129 143 157 170 176 181 185 184 191 191 191 190 189 181 180 175 170 165 161 155 150 143 140 
176 179 178 180 183 190 189 189 189 191 189 190 190 192 191 186 186 187 187 185 182 179 182 176 177 180 184 177 182 184 181 187 188 184 178 176 160 151 131 134 136 123 130 148 164 177 180 184 186 189 189 188 191 186 183 176 173 169 168 162 156 148 146 140 
176 178 179 181 182 189 188 190 188 191 187 189 188 187 189 189 183 184 184 182 177 179 182 173 172 180 187 182 183 188 192 196 192 178 173 167 162 151 140 147 146 129 119 144 157 177 176 183 187 189 190 189 188 181 184 178 174 169 165 157 154 148 147 138 
176 178 180 182 184 189 188 187 188 188 187 188 190 189 188 186 186 181 182 181 175 180 182 174 176 183 187 178 182 194 205 196 194 180 169 165 158 154 146 154 156 143 119 136 153 170 179 188 186 190 188 188 187 187 183 176 177 166 164 159 152 149 149 137 
172 179 179 183 185 183 186 185 188 188 188 187 189 189 186 182 182 182 176 176 177 183 180 180 181 187 189 183 183 185 183 184 186 177 166 159 156 153 155 163 163 157 137 133 155 171 179 181 184 190 188 188 185 184 184 179 174 167 164 163 151 150 146 137 
173 176 179 182 183 186 186 188 189 188 188 188 189 188 184 179 176 173 172 177 175 185 182 183 186 186 184 182 183 180 180 180 178 168 155 149 148 148 147 156 156 155 144 115 153 171 174 180 184 185 185 186 187 186 184 178 173 169 159 156 151 147 140 135 
168 178 183 181 183 185 185 189 186 188 187 187 187 186 181 178 173 168 170 176 181 187 184 185 185 186 181 176 177 177 171 174 170 159 143 142 141 141 150 147 155 151 149 115 144 164 169 177 183 184 184 186 187 183 180 180 176 167 162 154 151 139 139 133 
169 175 178 180 181 184 185 185 185 184 186 188 185 185 180 174 171 163 168 183 188 189 185 179 161 133 161 180 171 172 166 164 164 148 136 135 137 103 103 129 147 153 142 105 134 154 159 167 178 180 181 186 182 183 179 180 173 163 159 154 150 139 133 130 
170 170 177 178 181 183 183 185 186 188 186 183 183 178 177 171 164 164 178 183 190 193 188 179 154 132 120 161 175 169 163 158 156 147 137 129 113 107 110 127 140 134 113 121 126 144 155 160 166 173 182 181 183 179 177 173 166 163 158 154 149 143 133 127 
169 170 173 177 179 181 184 184 184 185 186 181 179 176 169 164 160 177 186 186 190 193 192 189 181 170 175 177 175 166 157 155 153 143 131 120 116 109 106 106 111 125 135 138 139 147 149 155 161 164 166 178 179 179 178 167 168 162 155 153 146 137 133 127 
170 172 171 172 174 182 181 184 187 186 183 181 175 172 168 160 169 180 185 191 190 193 192 191 188 190 191 189 183 179 164 151 150 149 140 128 125 119 120 126 135 142 147 151 151 149 150 155 160 159 159 174 177 178 177 176 167 163 153 150 142 134 126 120 
165 176 175 172 172 175 180 180 184 181 184 179 171 175 170 169 182 186 186 188 191 189 189 196 193 191 190 187 188 181 174 161 151 141 130 129 126 129 132 136 142 146 154 151 148 144 152 154 159 162 159 151 172 173 172 167 161 159 151 145 136 127 123 118 
164 173 175 174 173 174 176 174 177 179 178 180 170 167 170 179 183 185 187 191 191 190 192 193 192 190 190 188 188 186 183 171 169 163 150 138 136 138 143 143 147 151 153 152 150 146 149 150 153 157 157 152 150 165 165 169 163 155 146 140 136 127 123 116 
168 175 176 176 174 174 172 175 177 175 172 171 163 168 180 185 182 187 186 189 190 191 189 188 189 193 188 190 192 189 189 182 179 186 178 169 159 155 154 153 156 153 154 150 156 150 154 151 149 155 153 152 151 141 158 161 164 152 148 137 128 121 119 118 
133 171 177 177 177 176 176 175 173 178 170 161 144 163 184 185 181 186 187 191 189 190 189 189 189 191 190 192 189 187 184 180 183 190 197 189 184 175 171 173 164 164 159 157 153 159 152 150 148 153 150 156 150 142 124 157 163 152 150 139 134 121 121 125 
65 166 176 178 179 179 179 179 184 180 170 151 165 188 186 184 182 185 188 190 194 190 184 189 191 188 187 194 189 185 181 180 187 188 190 194 178 176 171 166 174 162 161 163 155 157 153 148 146 147 153 151 151 145 134 136 168 163 150 139 128 128 126 131 
25 157 169 178 180 179 184 182 180 182 174 168 183 182 182 182 180 184 189 188 187 188 185 188 190 185 169 170 167 161 148 146 160 162 159 167 163 137 143 140 133 144 148 155 157 154 149 142 144 141 145 155 149 138 135 145 172 170 152 149 137 132 129 134 
23 111 172 174 183 179 183 184 184 186 184 188 188 187 185 180 176 176 183 184 183 177 170 156 160 160 160 149 167 179 174 144 136 145 168 177 154 137 133 123 128 123 117 126 119 122 133 135 139 138 140 156 150 145 130 161 171 173 156 146 138 137 134 134 
22 33 163 174 180 182 180 183 186 190 194 193 190 187 188 177 163 159 167 157 145 148 146 149 149 152 153 155 154 159 158 152 150 164 148 150 147 143 132 124 130 115 115 102 108 103 97 102 109 118 134 139 148 155 152 169 172 169 151 146 142 136 134 138 
18 17 134 168 179 183 185 183 187 189 191 195 194 188 179 163 138 102 90 134 137 135 139 144 144 150 152 152 151 151 152 153 155 153 149 139 129 131 136 136 105 113 104 98 93 86 82 87 84 78 93 140 163 153 173 173 174 160 154 147 141 136 139 131 
20 20 50 158 173 180 183 183 183 187 191 195 194 188 174 166 164 177 178 131 113 127 128 136 144 145 143 148 147 146 147 149 152 139 140 134 110 121 125 130 99 97 97 91 79 76 67 40 52 94 133 158 162 171 176 174 163 157 155 147 138 138 140 134 
17 19 16 133 168 177 182 182 184 187 187 194 195 193 185 175 168 189 187 159 135 141 127 119 139 151 148 141 137 135 146 154 150 146 137 133 111 116 132 123 108 103 89 70 87 93 65 95 112 127 143 158 170 174 175 172 163 157 150 141 140 140 136 133 
16 21 16 61 160 176 181 180 182 184 184 192 191 192 189 184 185 193 187 181 144 130 145 148 151 142 145 145 123 113 125 129 119 124 122 136 124 82 97 114 126 131 141 117 87 94 113 111 130 143 151 164 170 174 171 168 157 151 143 141 141 139 136 132 
15 18 19 22 127 167 177 178 182 184 182 186 190 190 191 189 190 197 197 185 177 141 123 149 156 162 185 216 166 150 141 130 116 116 132 145 163 170 150 139 130 119 121 115 96 115 112 131 139 152 156 162 167 173 170 163 154 146 146 143 138 137 135 128 
16 19 19 18 57 160 169 180 179 179 177 184 185 191 191 190 190 195 195 193 185 167 135 138 135 158 155 182 185 189 150 161 133 164 178 198 167 162 142 125 129 115 83 89 106 109 129 136 148 155 154 160 166 168 169 159 148 148 142 142 141 137 130 124 
17 17 16 18 17 119 163 170 176 178 177 179 182 191 191 188 189 192 194 195 190 187 166 135 142 130 138 162 155 160 140 185 183 174 184 173 145 155 129 132 99 92 118 104 118 132 138 146 146 148 151 166 164 163 161 153 146 145 140 137 136 135 130 118 
18 19 20 18 20 47 146 167 172 176 176 177 177 185 190 194 192 194 194 194 190 188 185 169 134 149 150 156 153 158 149 150 161 147 162 161 128 123 119 123 119 114 101 133 145 141 144 145 144 152 160 162 161 163 158 148 144 143 138 136 135 132 122 110 
18 17 17 20 21 20 86 154 170 175 174 177 177 185 185 192 190 192 195 193 192 191 188 188 175 144 147 151 155 171 155 146 156 147 160 156 147 141 130 119 99 115 136 142 141 145 146 145 143 161 167 157 154 154 148 142 139 139 138 134 131 126 121 99 
17 18 19 21 23 19 25 115 158 174 174 178 175 179 185 192 188 191 192 194 192 193 188 187 186 185 155 147 154 159 158 153 152 149 154 151 139 130 116 112 140 146 145 143 142 144 143 144 154 167 162 156 149 148 145 140 137 139 136 132 126 123 111 100 
20 18 19 23 24 20 15 20 131 168 169 177 177 176 179 187 191 192 191 193 195 194 189 188 189 184 182 176 153 147 149 140 142 140 143 131 126 124 144 149 155 149 148 145 141 144 142 153 159 160 157 149 145 143 138 135 133 133 128 128 123 117 105 84 
19 23 22 25 25 26 18 21 46 146 165 172 175 177 174 184 189 191 191 195 193 194 192 192 191 190 190 185 175 175 168 157 155 150 150 150 146 150 154 155 150 150 150 147 145 151 158 163 159 156 154 147 141 139 130 131 132 131 127 125 117 110 92 67 
