120 121 132 141 147 153 157 168 174 181 185 190 190 193 198 205 206 203 202 198 200 187 195 189 187 186 185 179 172 169 168 164 159 156 150 151 146 158 168 171 173 173 170 169 172 176 176 171 169 164 159 157 151 146 141 138 140 132 131 130 131 135 140 132 
125 127 133 140 149 161 170 178 181 185 191 199 194 198 202 205 203 200 197 187 190 187 187 182 174 175 182 180 175 173 173 172 164 160 150 147 146 160 169 171 172 172 172 172 172 170 170 172 169 168 168 167 154 152 147 144 140 131 128 128 127 132 138 133 
129 130 135 140 151 168 171 164 151 151 166 184 180 175 178 186 179 179 178 190 165 180 174 169 161 164 173 169 173 173 170 166 164 156 153 155 160 168 171 174 174 172 170 169 172 170 171 173 171 172 171 169 171 165 156 146 140 137 139 134 128 129 135 133 
130 127 139 138 158 155 130 112 98 136 120 123 136 121 123 112 122 121 122 146 155 149 161 144 161 153 149 162 167 170 170 167 162 155 156 151 157 166 171 172 170 166 163 162 168 167 164 172 172 175 175 179 174 174 173 172 161 149 143 137 133 131 130 124 
125 123 136 144 134 105 96 84 89 89 97 97 91 91 99 74 69 77 78 75 96 115 124 136 152 139 150 156 161 164 163 160 158 149 148 145 154 165 167 165 164 163 163 162 156 151 155 162 165 169 171 177 178 179 179 180 183 172 164 153 143 131 120 113 
127 140 138 128 111 103 130 134 105 91 103 67 55 70 70 64 68 68 67 73 68 72 98 110 127 131 131 145 153 157 159 149 154 149 149 156 156 157 157 163 158 155 153 145 139 123 124 143 161 165 168 178 169 171 174 178 183 181 180 168 156 134 114 104 
128 143 133 127 107 110 124 137 141 112 102 109 110 86 68 62 66 67 68 73 82 79 89 114 111 124 127 141 148 150 149 150 148 147 154 147 149 152 155 153 143 140 137 124 116 101 92 102 105 116 130 147 146 148 153 160 162 159 161 162 161 141 117 103 
137 151 134 115 112 126 126 131 133 142 130 131 127 119 112 99 91 88 87 90 96 99 104 109 103 104 108 133 141 143 141 142 142 140 139 143 141 145 141 137 132 130 117 109 101 88 82 72 76 79 77 85 99 103 110 115 119 120 111 116 113 146 121 114 
138 145 131 120 126 127 124 118 120 127 123 123 130 121 114 102 98 92 91 91 92 97 101 106 106 110 120 127 133 137 136 135 136 135 131 136 136 133 131 128 126 124 114 100 86 76 66 52 61 57 54 58 56 59 65 76 86 82 74 81 73 72 143 109 
136 138 131 123 118 118 120 124 129 133 145 148 148 140 136 125 117 108 98 87 78 77 78 82 88 100 114 119 127 130 130 130 131 130 124 124 124 117 114 114 108 104 100 93 89 83 74 61 60 54 50 52 45 43 48 58 66 71 65 68 65 77 98 134 
139 141 139 133 126 131 128 129 139 151 162 167 168 164 154 144 134 121 110 102 89 82 78 79 82 91 104 111 120 124 122 127 127 125 120 116 112 108 104 103 97 93 93 92 91 87 83 76 73 67 59 61 65 65 68 72 68 69 68 67 70 67 86 116 
144 149 143 137 133 130 137 149 153 165 165 167 165 161 154 142 132 120 112 110 103 95 86 83 83 87 94 104 115 119 119 127 126 123 116 115 106 101 97 92 84 81 82 77 73 71 69 69 76 75 73 82 86 91 93 93 84 79 87 88 85 85 85 113 
146 150 146 137 136 137 149 151 154 153 147 131 121 100 93 80 65 64 66 74 80 88 91 86 85 90 90 100 114 122 132 134 139 136 128 119 105 95 91 83 76 71 69 66 69 67 69 70 78 85 86 88 94 101 108 111 107 106 99 100 96 89 85 112 
144 146 144 141 142 144 139 148 118 95 87 144 144 135 103 92 65 66 46 43 48 68 83 82 86 93 92 99 112 123 139 156 163 152 143 133 114 96 85 80 73 68 68 66 69 72 81 87 96 108 109 110 109 108 111 114 110 106 99 91 94 107 108 108 
145 140 138 137 137 138 135 78 85 93 99 50 19 10 13 13 6 12 18 42 58 54 59 75 81 86 92 110 130 146 161 175 176 169 160 152 130 109 96 86 77 72 73 69 73 77 81 85 90 95 102 111 121 122 126 132 126 121 111 93 86 89 96 110 
144 138 133 131 129 128 68 99 77 38 16 16 12 53 52 37 55 47 88 33 23 66 63 57 70 83 101 122 145 156 164 180 187 186 173 162 138 119 104 87 73 70 70 69 68 56 39 29 38 42 49 62 54 74 99 118 125 124 120 106 93 100 106 111 
149 143 133 115 112 92 56 32 25 13 78 73 5 10 8 5 22 11 109 115 49 35 57 74 68 91 102 133 149 163 175 187 196 194 184 166 145 121 102 76 78 71 69 61 35 45 49 55 54 46 61 95 124 120 85 56 63 113 113 123 105 107 104 104 
154 156 153 137 109 79 58 79 99 93 76 83 31 55 50 31 14 67 138 121 92 77 55 79 101 109 112 138 157 167 185 194 204 203 195 181 159 134 109 86 72 66 57 44 61 38 17 5 5 20 5 10 30 46 78 116 86 41 88 107 118 109 104 108 
159 166 161 149 132 125 139 150 155 158 149 132 117 100 90 84 89 87 99 91 79 75 63 36 117 104 127 145 159 174 189 200 207 204 194 186 172 147 112 102 66 74 64 69 29 29 45 8 81 55 61 63 13 9 20 56 87 97 50 75 109 111 107 106 
165 170 160 161 157 171 163 151 146 145 143 134 133 112 110 99 87 100 89 86 90 89 108 104 106 125 145 154 164 181 190 203 208 206 194 185 180 162 119 92 87 81 98 38 43 76 89 3 25 4 12 19 11 48 59 22 24 56 76 69 86 105 103 103 
160 170 171 169 170 175 178 163 151 137 126 118 113 107 101 95 86 80 78 76 80 99 116 122 126 141 148 156 166 187 198 202 207 207 201 194 188 176 134 98 75 88 58 35 56 59 67 42 42 36 32 25 21 66 68 20 12 16 37 78 90 101 100 108 
164 171 173 178 177 176 175 160 146 132 129 110 96 88 82 75 75 79 90 102 118 125 129 139 146 157 155 163 177 194 201 205 208 207 201 195 186 181 151 104 83 80 77 87 77 70 87 87 100 87 82 80 78 78 83 90 98 74 41 57 76 89 97 108 
172 177 181 182 181 176 179 174 171 165 145 131 124 120 127 123 119 124 131 134 137 144 153 164 162 165 165 176 188 198 203 205 209 206 199 195 185 183 164 125 93 87 87 102 85 63 62 67 74 85 97 99 106 110 117 127 122 112 93 81 91 95 104 106 
176 180 183 187 190 192 192 184 177 166 173 167 168 163 149 149 147 148 142 151 163 173 177 181 174 176 179 187 192 196 202 209 211 207 200 194 187 190 171 134 98 102 105 107 96 90 72 68 63 68 78 83 92 97 107 108 118 120 125 122 112 105 116 112 
173 178 184 192 197 199 196 194 190 186 182 174 165 164 161 151 156 161 163 182 182 187 183 183 180 178 180 189 191 195 203 211 214 211 206 206 201 193 172 143 118 107 116 120 118 106 97 88 79 68 60 64 78 87 93 103 111 120 121 130 128 127 122 117 
172 181 186 195 197 194 191 191 190 188 186 181 174 168 163 158 166 173 182 190 184 187 183 181 182 183 186 188 190 193 202 212 216 216 211 207 204 194 178 151 128 120 130 136 136 130 122 115 104 99 97 94 87 86 89 105 111 122 125 137 141 140 133 128 
176 185 186 188 192 194 189 193 194 190 185 186 182 178 179 175 179 182 187 183 183 182 182 177 181 186 188 188 193 196 205 212 215 215 209 204 204 197 185 159 138 127 135 142 144 142 135 129 120 114 117 115 124 122 117 121 129 131 128 143 144 139 131 125 
173 182 182 185 190 192 192 195 193 188 189 187 189 192 191 189 189 187 183 175 185 181 182 179 181 186 189 190 195 199 207 215 216 214 206 201 204 197 189 172 154 137 137 145 152 152 148 142 136 130 123 121 128 136 138 142 150 160 159 157 155 148 140 133 
160 171 175 183 191 196 190 192 190 192 195 197 197 196 192 189 192 191 186 188 191 185 186 182 179 188 192 192 195 206 217 220 215 211 207 203 199 195 190 180 164 142 145 142 144 152 151 147 143 141 138 136 140 136 143 148 156 157 154 158 162 152 141 134 
168 179 182 186 188 189 192 194 194 196 196 197 198 198 201 194 193 189 186 180 179 177 178 171 180 190 188 193 202 214 222 217 217 212 205 203 202 202 193 185 167 155 145 154 156 159 157 158 154 151 149 146 142 142 148 149 157 162 164 164 163 156 147 135 
168 177 179 186 191 193 194 195 195 196 198 198 198 199 194 189 188 186 179 178 179 164 157 167 186 189 191 195 208 217 221 216 212 207 200 193 197 200 190 187 166 161 133 143 155 158 161 165 165 165 162 158 155 153 157 157 156 157 158 160 156 151 147 136 
159 174 182 187 190 189 193 192 196 194 195 192 191 190 187 179 179 176 168 161 147 136 152 184 195 194 194 200 206 211 214 212 206 200 195 195 195 199 194 188 174 163 143 112 138 155 162 171 166 171 171 169 161 158 160 159 162 156 155 155 152 146 141 135 
155 166 175 184 190 192 192 194 195 192 191 185 183 182 180 175 169 162 155 136 123 139 179 191 197 204 197 199 198 203 207 206 202 196 190 187 185 189 188 178 173 170 168 108 106 131 154 164 165 169 172 175 173 173 173 168 165 165 160 157 151 142 137 133 
153 160 174 181 182 186 190 193 191 187 185 181 179 171 162 157 151 137 125 113 135 161 187 197 206 213 202 197 186 190 194 193 185 178 177 185 177 172 172 168 177 182 180 143 75 107 125 151 160 168 172 177 179 178 179 177 175 175 169 165 148 140 138 135 
145 156 166 178 178 179 184 186 183 178 181 173 167 158 146 141 139 126 113 130 158 173 185 199 207 208 193 180 159 159 166 172 163 152 154 157 151 146 145 145 165 180 187 175 91 88 108 131 135 150 163 172 176 176 178 178 174 175 177 168 161 151 139 128 
136 149 159 169 168 168 180 178 174 170 169 156 152 145 138 132 123 121 126 160 157 163 181 194 194 189 170 156 142 142 152 151 149 137 139 135 139 135 133 140 150 169 181 171 125 74 92 101 127 140 150 162 169 170 172 175 176 175 178 170 158 148 135 123 
131 145 153 156 159 171 171 170 164 159 152 144 140 130 120 119 109 120 148 172 147 155 172 170 160 152 138 130 122 128 136 142 146 139 136 136 128 117 116 126 135 148 161 160 141 101 73 98 110 129 141 149 160 165 166 169 171 170 167 164 153 142 134 123 
135 141 142 148 156 156 158 159 156 148 143 135 130 117 118 117 120 147 167 164 150 136 159 148 140 114 58 15 15 50 99 118 130 129 125 110 116 100 104 117 138 141 141 145 131 119 97 96 100 112 123 140 147 152 159 163 171 165 159 152 150 142 131 118 
131 136 135 141 148 150 149 147 146 137 126 117 108 107 110 116 138 163 177 172 167 130 128 120 71 19 17 21 34 44 49 75 93 90 92 96 48 20 14 25 72 116 130 140 125 133 129 104 100 103 113 121 131 136 148 155 161 154 153 155 150 138 125 113 
124 126 128 140 140 140 144 142 132 123 118 105 101 111 116 136 157 176 175 193 183 175 118 67 41 36 53 60 47 43 45 62 71 67 67 36 36 21 21 20 26 82 108 116 123 136 145 127 100 94 105 105 115 123 134 135 148 150 143 143 141 133 124 109 
121 124 127 131 131 134 136 134 121 118 113 105 115 119 133 158 171 175 184 185 187 182 170 129 94 65 83 81 64 55 52 47 45 46 42 45 42 45 39 30 16 51 85 118 142 149 148 143 119 89 95 97 109 113 120 127 139 141 143 136 134 127 120 109 
119 112 121 120 123 120 135 129 121 108 104 99 124 148 163 168 173 181 187 183 173 174 172 157 129 114 93 98 71 42 56 52 60 61 52 47 52 58 61 57 52 82 108 133 140 152 144 151 140 119 80 82 98 107 118 122 134 133 129 126 122 118 111 103 
116 112 112 112 120 121 123 119 114 100 106 144 154 161 169 178 180 180 180 186 178 161 153 135 125 92 96 77 53 30 31 42 49 51 45 40 43 58 53 84 83 112 127 127 134 140 140 143 144 142 110 67 71 99 101 115 125 124 123 118 117 113 108 100 
116 109 106 107 123 122 119 125 101 110 147 163 155 161 159 164 162 165 175 178 173 156 138 132 114 50 77 65 40 33 34 40 49 49 38 37 48 30 48 51 99 118 117 125 136 133 141 137 143 143 145 122 66 68 101 106 118 116 117 117 115 107 105 101 
112 100 98 107 124 117 121 108 125 153 144 133 141 142 129 141 144 151 156 166 157 136 121 109 81 62 77 49 48 47 42 49 48 57 47 36 41 41 36 47 73 78 92 101 123 126 137 133 140 136 136 137 117 63 74 101 111 111 110 114 111 102 102 101 
120 105 93 103 118 124 121 125 148 140 135 114 116 115 110 127 130 140 125 142 109 95 125 70 71 53 69 49 50 56 43 46 56 65 60 45 38 48 58 68 54 62 67 102 99 115 113 108 116 130 134 114 127 123 45 86 112 104 113 108 103 96 97 95 
117 106 92 100 119 132 132 143 146 127 103 96 110 116 111 99 79 105 75 103 90 80 76 91 87 64 104 68 89 69 44 64 69 66 59 51 50 65 69 48 66 68 46 68 77 88 103 106 104 94 103 102 106 121 104 50 102 112 116 107 92 96 95 99 
119 110 93 98 122 132 131 142 130 115 118 106 98 72 83 83 75 109 64 75 77 93 89 123 116 156 130 142 119 118 110 95 75 83 103 101 110 111 111 117 89 65 61 64 71 73 69 55 70 74 90 99 90 102 121 83 77 107 110 99 80 87 90 95 
121 112 96 103 129 132 138 138 118 103 101 87 85 58 62 81 80 71 69 111 106 139 144 158 131 116 100 87 86 105 111 117 126 132 117 114 107 84 87 83 111 117 115 98 76 62 62 73 57 62 70 93 89 84 109 102 60 99 96 86 82 89 93 97 
120 114 99 103 127 136 128 128 119 93 95 82 66 49 32 60 98 126 145 152 131 105 83 83 73 80 71 73 74 69 69 79 79 84 73 67 72 70 68 68 63 69 89 114 122 102 56 36 43 50 49 86 72 84 95 111 80 95 105 66 79 91 94 89 
115 112 105 110 123 132 130 124 109 90 71 65 50 48 44 76 98 110 94 81 76 71 69 75 82 83 82 77 79 77 74 74 68 77 68 74 71 77 75 68 69 71 63 65 83 109 100 69 43 39 35 64 73 77 91 113 93 88 85 65 86 91 93 86 
113 108 108 112 116 123 132 122 104 92 68 57 42 27 21 52 71 75 76 81 74 66 68 66 64 67 76 64 64 67 66 71 57 68 59 68 64 62 71 76 74 64 66 60 58 65 78 85 51 43 47 68 74 65 85 104 96 91 68 67 91 93 92 86 
113 112 112 114 119 129 126 122 112 94 66 47 34 9 9 14 27 38 61 55 52 68 72 106 135 127 64 121 119 116 97 79 98 105 101 85 81 75 85 50 67 64 72 64 59 52 47 52 26 32 42 55 71 65 90 104 96 98 62 75 92 89 88 87 
112 108 105 107 115 123 125 121 109 90 70 52 38 29 31 16 4 16 65 75 106 149 145 180 189 192 122 202 199 196 183 143 190 188 196 155 163 172 158 113 118 67 53 40 40 29 20 11 6 19 35 49 62 70 94 103 101 98 62 82 88 84 86 85 
109 108 105 105 111 118 122 122 110 96 80 69 59 56 72 67 33 47 51 67 81 168 164 194 201 210 178 230 218 209 205 186 204 216 213 207 198 195 184 163 164 108 63 38 10 11 8 21 20 18 31 46 63 78 96 100 101 92 66 79 85 83 85 82 
109 110 106 101 105 109 114 114 107 96 89 88 84 76 89 104 89 83 85 101 101 120 80 125 172 177 56 204 211 211 207 183 224 217 220 188 205 194 186 128 170 51 61 43 43 40 39 53 52 41 56 65 76 83 98 101 97 85 73 79 84 83 85 78 
104 104 103 100 103 107 105 105 100 95 101 105 106 100 99 115 129 118 129 123 142 129 129 112 56 38 93 65 62 64 57 50 77 92 79 38 61 60 41 45 91 89 83 87 74 64 76 70 64 66 74 71 84 81 90 96 94 76 79 80 83 81 83 74 
100 101 97 95 98 103 101 106 106 103 99 106 111 111 109 114 125 131 130 143 162 182 165 146 124 106 121 155 144 162 168 179 194 170 167 148 108 78 98 83 111 115 122 117 98 91 80 72 79 84 88 82 96 86 88 96 92 70 81 74 82 81 81 71 
95 88 84 88 94 96 101 104 101 99 104 111 121 126 123 119 118 126 118 131 145 144 166 167 153 143 129 123 117 127 128 127 125 113 106 106 107 115 128 142 158 157 127 112 95 94 75 84 94 99 97 90 91 81 83 88 86 70 79 73 83 76 79 59 
87 87 84 89 92 95 90 96 102 103 105 108 120 131 135 133 121 126 138 108 120 125 139 148 148 149 151 156 149 140 140 139 132 133 131 138 145 145 154 157 143 123 97 88 92 100 92 103 108 104 95 86 85 78 82 86 80 75 74 74 72 74 65 62 
72 88 84 86 87 89 82 90 96 104 109 111 122 131 135 133 132 125 125 129 98 107 112 121 126 132 136 141 142 140 150 155 151 154 153 158 152 147 136 119 102 92 85 88 93 95 99 105 113 113 99 83 78 76 82 80 71 72 67 69 61 61 59 56 
66 89 88 85 84 84 79 86 93 101 111 118 125 128 136 140 143 132 132 120 126 103 97 101 103 113 110 103 114 114 117 126 134 135 130 128 126 117 100 90 85 84 87 98 100 93 106 107 109 101 90 84 75 73 74 66 65 64 59 63 54 56 53 44 
81 80 74 78 83 82 84 88 92 98 108 117 121 129 126 133 130 133 127 106 108 105 106 98 92 107 93 90 96 93 98 103 103 102 99 104 96 93 88 83 80 82 90 89 88 104 108 104 101 94 89 80 76 73 73 66 63 61 55 54 56 57 55 35 
70 68 68 72 74 81 86 87 94 100 107 109 116 125 122 129 130 129 129 113 105 90 91 111 111 106 98 93 98 97 99 93 95 94 89 93 83 80 77 76 80 88 86 80 94 103 99 99 102 90 83 76 76 68 66 63 60 53 50 48 56 56 41 28 
