143 139 147 154 156 162 161 163 159 171 172 174 172 170 176 178 181 182 183 184 188 188 197 201 192 202 198 203 205 213 205 205 208 221 216 211 209 207 215 205 205 206 202 199 195 195 201 191 187 185 182 180 177 180 178 176 176 176 166 159 156 153 154 145 
135 143 148 152 161 161 161 169 166 170 168 174 163 171 172 174 177 181 190 190 192 196 195 197 203 205 204 208 212 202 213 215 211 217 218 212 215 216 208 217 209 203 198 206 197 199 199 194 192 188 182 181 183 179 178 175 178 174 166 161 155 152 149 143 
134 143 148 156 162 161 161 168 168 165 169 161 155 171 165 178 178 182 186 188 190 193 197 201 200 199 199 206 215 211 212 224 217 214 213 214 218 220 219 214 202 203 193 209 197 205 200 196 191 185 182 178 183 178 178 178 174 171 170 161 157 155 147 138 
142 146 149 157 157 160 163 167 157 146 137 137 136 145 153 148 161 180 178 184 185 196 194 182 194 201 197 208 203 208 214 223 218 214 213 209 214 215 215 209 218 207 193 198 198 195 191 197 185 179 180 175 177 175 173 175 174 170 172 159 155 154 148 140 
142 144 151 152 153 159 159 127 92 91 103 120 143 123 102 116 126 112 143 153 176 178 178 187 189 193 197 197 198 205 221 212 214 211 207 211 215 212 210 209 192 201 197 191 197 187 189 188 173 175 173 169 155 140 138 148 155 159 160 160 150 148 149 139 
141 149 146 145 146 156 110 105 104 111 121 87 90 110 114 122 104 119 129 109 123 136 164 176 185 184 192 195 198 194 205 205 209 204 205 204 216 209 201 191 189 198 190 193 178 176 169 162 153 142 135 114 118 96 138 126 126 136 125 163 152 147 145 141 
142 144 146 144 151 115 132 141 141 158 125 145 105 119 129 123 114 110 116 120 104 136 134 131 159 160 184 189 196 201 205 202 194 201 193 197 195 197 192 194 183 182 171 146 144 144 146 125 114 110 103 112 107 102 113 104 97 88 97 106 142 144 138 142 
141 142 144 142 108 120 161 171 174 172 174 173 173 170 149 152 131 122 110 99 93 127 117 137 134 165 163 175 184 197 195 203 195 197 193 196 193 188 186 189 181 162 136 128 143 119 98 115 112 101 111 120 118 123 110 119 144 133 121 102 102 126 140 135 
139 140 135 128 132 144 162 169 170 169 172 164 167 156 155 150 149 138 138 130 123 113 126 113 115 153 164 173 184 191 194 198 194 196 199 190 190 185 184 178 147 149 126 116 95 105 100 104 117 125 137 153 165 171 166 172 159 167 158 130 116 94 126 136 
138 138 133 122 145 153 154 153 159 147 161 162 150 152 146 139 142 137 133 134 135 131 131 120 132 150 166 174 175 183 191 195 199 196 197 190 192 186 182 166 150 132 112 117 111 120 116 139 138 143 150 147 153 152 158 164 167 166 162 166 160 145 119 127 
134 136 126 122 134 132 140 122 121 82 132 105 111 96 117 138 148 136 113 115 132 138 139 140 133 141 156 167 177 180 182 185 193 189 196 188 186 178 171 156 150 135 133 121 118 130 136 133 133 137 141 140 142 141 146 150 151 159 161 163 150 139 117 122 
137 127 116 114 123 96 129 78 77 41 111 91 76 77 128 134 145 157 160 157 116 138 142 138 138 136 148 159 175 181 185 192 199 193 206 187 184 180 169 158 138 133 132 140 144 135 116 152 175 173 152 154 116 98 111 126 133 144 154 153 148 144 136 127 
140 131 122 87 85 82 86 53 26 17 21 24 14 20 17 23 74 126 150 166 160 132 140 144 139 130 138 155 169 181 186 191 202 203 196 185 182 176 169 150 133 136 143 150 142 132 154 160 163 149 125 133 100 92 129 100 86 101 127 136 137 143 136 129 
140 137 128 92 59 41 38 36 15 11 9 10 34 53 37 58 91 31 98 143 160 171 145 150 151 144 126 152 166 177 187 194 196 200 194 192 183 176 163 144 128 150 154 150 151 166 169 152 120 64 29 34 14 56 29 63 62 66 88 104 118 124 125 124 
143 137 130 126 57 42 25 16 19 47 125 174 114 91 109 104 116 86 56 69 129 145 165 155 156 149 131 137 156 178 190 197 203 213 201 190 184 173 157 120 149 165 159 149 162 159 145 62 53 63 82 64 24 24 11 24 15 33 50 78 92 102 110 121 
146 139 134 119 124 123 53 28 88 150 178 166 91 110 8 76 34 120 161 130 95 131 146 162 173 161 134 134 155 175 186 202 201 200 198 189 181 169 142 138 159 161 157 160 167 121 33 90 102 125 100 100 87 119 50 24 14 23 38 59 81 88 112 131 
146 143 140 135 136 124 97 70 111 152 174 156 100 116 16 32 24 114 156 209 155 107 113 179 188 164 142 142 153 178 186 200 207 206 201 190 178 165 143 144 161 157 187 152 72 54 187 110 114 37 42 17 103 101 171 142 48 21 11 25 55 75 124 141 
150 145 145 144 140 137 124 67 108 140 168 152 105 107 104 69 117 118 194 212 200 148 110 103 165 166 149 154 151 176 189 199 195 205 200 189 178 155 144 150 180 181 165 73 129 201 193 121 107 15 31 9 95 98 163 172 136 74 36 79 93 118 149 143 
155 149 153 151 151 146 113 77 83 89 99 146 166 98 110 105 118 141 182 166 141 147 126 131 149 170 151 160 157 175 190 198 204 206 196 187 172 154 158 162 172 159 92 174 172 187 212 132 116 99 54 108 97 130 164 154 113 63 74 106 129 143 152 146 
156 154 163 155 155 147 130 110 101 90 84 90 122 109 128 125 145 138 163 156 153 160 175 199 166 162 151 164 158 179 185 201 205 210 194 187 175 157 159 167 174 174 155 137 124 128 150 137 127 159 95 95 102 120 66 66 76 68 101 145 147 158 161 157 
154 159 164 163 160 151 144 135 117 131 123 107 103 91 107 133 178 156 159 154 165 162 168 200 160 160 160 170 163 180 185 194 201 202 198 183 175 160 167 171 169 171 187 189 183 167 170 167 141 128 114 108 118 95 75 94 112 99 137 154 159 165 171 157 
156 162 168 170 159 158 155 152 140 136 138 146 140 135 141 142 155 164 152 153 163 167 196 178 167 166 171 174 163 176 186 197 197 195 193 181 173 164 173 173 175 177 178 189 175 171 170 173 156 160 149 138 147 127 132 136 118 130 157 168 171 174 173 161 
158 167 172 171 168 167 171 168 166 154 150 154 151 149 150 152 154 155 172 182 176 190 188 178 172 172 176 174 167 179 184 191 207 196 191 178 170 167 176 173 175 174 173 183 175 169 177 165 164 153 158 147 152 141 141 147 144 159 170 175 171 174 174 166 
159 167 174 175 177 172 173 176 170 172 168 177 183 182 182 181 180 188 196 194 189 191 195 181 180 178 179 173 170 179 191 188 197 198 194 177 170 166 176 176 182 188 178 182 178 178 186 173 170 172 168 166 171 170 165 168 165 174 172 182 174 171 170 167 
158 169 174 179 181 181 181 183 182 184 184 182 185 192 191 192 191 197 196 203 201 195 187 181 187 183 179 168 166 181 189 194 202 201 188 179 172 170 175 180 182 188 188 185 182 183 181 186 187 188 181 182 179 184 184 177 177 175 179 176 180 174 176 169 
159 170 175 179 183 182 180 185 184 182 184 191 188 193 190 197 207 204 207 198 198 194 195 188 186 179 171 165 166 183 193 198 198 198 192 184 174 168 174 180 179 192 193 192 190 185 179 188 188 194 196 198 192 191 185 190 182 182 185 183 182 176 181 169 
157 169 175 183 184 186 184 185 188 182 182 183 188 192 191 200 205 202 201 209 197 198 200 189 187 180 170 160 170 182 196 199 197 197 192 184 172 170 174 176 176 186 190 201 198 191 186 186 183 189 193 192 192 191 191 186 183 185 186 182 181 179 177 173 
157 166 178 181 184 184 189 185 187 192 191 191 195 192 199 196 203 201 205 198 200 198 201 191 184 176 172 160 167 184 193 193 198 198 191 182 173 167 173 175 175 183 196 201 202 199 198 189 182 183 187 198 194 193 192 189 188 184 183 181 183 179 178 170 
158 170 172 179 183 189 190 187 195 193 191 192 195 188 192 195 207 201 202 205 201 206 202 196 183 172 166 159 170 181 192 195 194 197 188 181 169 168 174 174 173 185 196 201 212 214 201 199 190 181 183 186 194 186 193 191 194 188 186 185 182 179 176 174 
151 166 172 179 182 181 180 188 191 188 189 189 203 191 195 194 198 202 207 215 205 209 203 191 179 173 164 165 173 181 184 196 194 195 187 178 166 165 167 173 173 181 199 203 203 216 206 202 195 192 185 186 189 184 189 191 191 192 189 186 180 179 174 168 
153 156 171 177 180 182 182 186 188 185 187 199 194 194 203 205 211 202 213 211 215 210 214 191 177 168 159 166 171 176 185 192 193 191 183 178 172 162 163 169 173 184 197 209 210 206 211 208 201 197 194 189 186 186 187 197 186 186 186 185 181 178 174 167 
154 159 169 172 178 180 181 184 184 186 184 197 195 196 201 210 207 204 218 215 212 211 192 195 174 167 157 165 171 176 185 190 191 190 183 178 172 160 157 164 175 184 201 206 209 213 206 209 206 204 201 195 190 186 191 190 185 190 187 185 178 175 171 163 
151 155 163 171 178 181 181 186 185 187 192 191 197 200 208 207 211 214 220 224 216 206 205 189 166 165 155 168 169 180 184 190 187 188 187 176 168 160 155 161 169 193 204 206 208 209 219 210 208 204 204 203 199 193 189 188 189 184 184 184 181 176 168 161 
148 152 159 168 175 180 183 181 186 186 194 193 193 199 207 211 215 220 212 219 218 216 204 189 167 172 158 164 171 177 185 183 188 187 188 181 169 161 154 163 170 192 200 207 211 214 209 212 210 217 209 201 198 190 190 191 187 182 183 180 177 173 170 158 
141 152 159 164 174 177 178 184 185 189 189 199 198 213 196 205 217 220 223 219 219 212 203 184 168 174 161 167 169 180 186 187 194 196 191 190 174 163 154 167 166 185 199 205 210 219 213 216 213 216 214 210 202 195 196 191 189 185 181 180 176 175 166 158 
137 148 154 163 170 175 181 182 183 189 195 198 202 203 200 217 223 224 227 213 212 202 201 178 171 169 165 169 176 183 191 203 206 203 199 184 176 162 160 165 169 174 192 201 204 217 214 224 221 214 210 204 203 196 192 191 184 182 176 174 176 171 160 156 
134 141 150 158 170 172 176 181 185 188 195 201 209 210 193 222 219 220 205 206 207 204 200 180 174 164 163 165 175 180 200 217 227 215 210 187 175 156 162 163 174 172 196 199 195 199 207 217 226 210 218 210 204 200 199 194 190 181 179 179 173 163 160 152 
135 137 146 156 159 171 175 176 182 184 195 199 202 204 217 214 211 211 212 199 201 204 197 171 174 158 162 148 162 174 182 188 193 192 189 174 155 151 164 157 169 167 194 200 198 206 204 205 217 208 209 205 203 196 197 188 186 181 179 176 170 164 155 146 
129 137 142 152 159 167 171 178 183 183 189 196 202 208 220 216 211 207 205 199 201 213 201 163 164 156 154 149 149 159 168 175 179 180 171 149 140 153 158 159 164 159 201 191 189 185 192 212 208 209 208 202 202 193 190 184 182 179 177 172 167 159 151 139 
123 136 137 148 155 171 171 175 182 183 187 191 195 204 199 201 195 201 197 192 204 212 214 157 154 154 140 130 143 152 155 158 161 162 157 146 140 148 151 155 154 147 214 209 198 187 189 193 196 210 200 208 197 190 184 185 184 180 173 172 163 156 151 136 
124 135 135 142 152 162 163 174 177 181 187 186 194 195 196 198 186 189 195 196 203 221 221 172 148 141 143 137 84 149 145 142 150 151 144 108 82 97 117 145 143 183 210 206 198 191 185 187 188 196 202 198 192 191 186 183 179 174 174 164 159 153 142 128 
121 128 128 138 147 157 162 171 173 182 186 185 189 192 193 197 194 195 193 195 207 208 201 190 158 167 176 158 154 121 129 130 134 145 84 151 155 171 177 162 173 184 199 198 204 202 184 185 187 194 197 194 194 186 189 185 179 178 172 163 155 151 133 124 
129 121 127 136 137 148 160 171 173 177 182 183 189 190 190 188 189 187 194 200 202 198 190 188 181 170 167 160 159 168 137 119 125 124 170 176 169 169 167 174 183 187 196 199 198 198 198 182 185 185 190 188 186 188 186 182 178 174 169 156 154 138 134 123 
126 118 131 127 127 147 157 168 175 178 177 183 185 188 188 189 187 198 199 204 195 190 191 188 184 184 174 170 170 179 174 173 165 172 188 182 174 174 184 190 184 188 192 198 198 196 202 193 181 183 188 186 185 182 179 181 176 170 164 153 142 138 126 123 
127 129 131 124 131 140 152 162 166 175 173 181 182 184 184 181 188 199 197 198 193 191 190 183 183 181 176 176 175 185 180 183 185 179 191 186 181 180 185 186 187 186 187 190 189 196 196 197 185 180 182 181 184 180 177 178 174 166 157 150 142 130 127 119 
126 125 131 129 127 133 144 157 160 168 176 180 178 182 184 187 192 197 196 189 188 184 184 185 181 182 177 175 175 182 166 169 188 176 191 195 183 185 185 186 187 187 186 187 186 188 191 196 189 180 178 180 178 173 176 175 170 166 155 144 141 128 123 115 
115 133 137 134 126 135 140 150 157 167 174 171 175 182 186 187 191 194 193 189 185 185 182 182 183 179 178 172 172 184 177 185 174 186 178 200 186 181 184 185 186 184 185 182 186 182 186 188 184 186 178 171 174 170 170 168 167 158 150 144 137 127 126 125 
116 131 133 139 135 131 140 146 154 162 167 166 172 178 183 183 188 188 184 183 178 181 182 181 179 177 178 174 176 178 170 177 179 171 175 193 186 183 180 180 180 181 180 180 181 186 187 186 183 181 180 177 173 173 171 166 158 157 150 140 137 133 128 121 
114 127 135 142 135 134 135 148 153 165 165 173 173 177 181 176 183 180 179 177 173 170 178 174 171 168 163 162 155 171 163 162 162 162 168 164 178 168 172 173 176 177 175 179 177 174 178 177 179 176 172 174 174 171 170 165 162 155 146 143 139 134 124 118 
111 130 134 141 139 140 143 143 151 163 165 173 175 174 175 171 177 179 172 169 166 167 168 161 153 140 155 152 172 190 172 171 177 193 170 156 202 164 150 157 157 166 168 170 168 165 172 172 172 174 171 179 178 172 171 164 162 150 146 147 143 136 126 123 
106 132 137 139 144 147 143 141 150 160 166 171 178 174 171 174 170 164 162 160 153 140 135 139 142 140 154 148 149 146 154 152 176 189 151 146 158 155 151 141 163 148 139 149 155 160 166 167 168 169 174 172 179 175 174 163 158 149 146 144 140 131 126 122 
106 136 135 130 146 144 155 141 148 159 165 174 181 175 167 167 162 154 149 127 131 136 138 148 144 150 149 152 146 144 142 143 147 154 159 145 170 151 144 144 150 148 147 133 133 139 154 162 161 169 170 166 180 181 172 162 158 148 156 144 141 129 126 122 
108 129 135 132 142 145 156 148 145 157 162 173 184 180 174 157 146 119 113 105 122 132 135 142 132 146 144 149 143 146 143 144 145 132 144 135 157 151 151 150 139 141 138 137 129 119 122 142 154 160 173 180 188 183 167 167 162 149 156 148 142 129 124 119 
84 129 135 136 140 148 157 153 145 155 158 168 186 182 182 180 167 160 102 87 105 115 128 126 120 110 111 121 117 144 149 129 132 135 138 109 117 110 121 126 118 129 131 128 117 93 120 141 149 159 183 192 197 183 168 162 157 143 152 153 136 127 130 111 
44 125 139 138 144 146 157 155 150 152 156 164 188 194 192 185 177 161 153 134 117 128 138 139 140 140 158 149 143 134 127 133 114 130 135 131 131 141 151 144 149 134 130 119 128 142 146 161 167 181 192 197 194 183 162 161 158 148 159 145 137 126 131 97 
9 115 134 140 139 145 154 160 150 150 158 159 179 196 188 183 179 160 151 128 136 131 145 148 138 146 156 153 150 138 147 150 146 150 154 149 146 152 147 151 151 150 142 139 138 138 150 160 166 186 195 197 193 182 163 163 156 152 157 145 132 123 123 77 
12 104 129 141 140 144 150 152 156 153 161 161 175 187 184 175 173 164 154 141 144 130 145 137 142 152 161 148 144 152 161 158 152 150 170 175 159 156 156 151 153 150 144 132 137 143 156 167 169 181 195 192 191 175 160 163 148 154 152 145 133 122 112 13 
23 57 121 139 141 141 151 155 156 156 158 166 168 187 179 177 169 161 161 154 135 137 132 136 143 147 163 154 141 215 238 170 147 158 226 226 149 153 151 145 145 146 133 138 141 154 165 165 175 186 188 185 189 176 165 161 154 156 152 138 127 125 90 13 
33 6 110 128 140 142 150 155 158 157 158 167 167 172 179 174 170 163 163 160 154 138 141 128 133 141 181 182 162 145 150 178 170 201 162 224 142 137 140 143 136 137 137 140 157 161 165 176 174 182 179 187 188 171 160 156 148 158 146 136 124 108 43 16 
42 7 66 119 134 138 145 153 156 157 158 162 169 174 172 172 168 164 162 164 161 158 147 133 138 140 137 142 152 211 151 226 183 166 185 156 145 146 133 132 135 142 153 156 161 165 172 170 174 174 178 188 182 167 161 155 152 153 145 131 114 91 3 49 
44 18 6 101 119 136 144 149 152 156 159 161 162 171 171 165 164 171 163 164 159 160 162 160 154 148 139 138 136 144 154 143 146 142 145 134 139 133 138 147 154 158 160 167 164 162 169 167 174 174 177 189 176 165 155 152 154 151 139 122 105 35 6 62 
44 11 5 24 109 130 140 145 151 151 158 164 156 167 174 166 166 172 164 167 162 167 165 168 167 166 157 160 153 139 126 125 122 125 138 148 150 161 160 162 169 169 172 170 166 172 168 170 174 171 188 180 173 162 152 154 153 145 141 120 84 5 6 55 
41 22 8 7 61 116 135 142 147 150 151 152 158 162 172 170 168 170 168 167 164 164 170 171 174 178 174 172 173 174 180 177 173 167 178 176 172 173 171 176 175 175 174 175 173 174 178 170 164 173 190 175 168 154 151 150 153 146 127 99 9 6 20 67 
49 36 15 6 7 85 124 137 143 150 149 152 156 158 168 170 167 170 173 172 170 167 171 172 174 177 189 187 192 189 196 189 186 182 192 185 183 176 181 193 180 179 178 174 178 181 179 173 173 181 182 174 157 151 151 155 147 138 116 39 4 6 36 49 
