68 69 72 76 82 89 93 102 101 93 91 93 98 119 132 131 140 148 151 154 166 167 169 173 175 188 199 199 197 191 191 193 190 181 178 180 184 185 195 202 212 218 216 213 213 215 215 209 208 207 207 213 209 210 208 210 210 206 199 193 192 185 182 161 
77 75 78 78 87 86 93 100 90 89 85 90 106 122 135 138 141 144 146 156 164 169 175 176 180 190 203 204 203 203 198 195 197 189 182 184 187 196 205 211 219 221 219 220 219 225 225 223 215 201 199 202 203 205 207 211 211 207 199 193 193 189 186 177 
79 76 80 79 81 84 96 93 76 47 43 50 64 78 97 122 130 131 143 153 166 176 181 179 182 189 199 206 207 211 210 198 190 189 187 189 193 198 215 221 225 224 223 226 226 231 232 232 222 208 201 197 193 193 198 202 210 211 202 199 195 191 183 169 
79 79 83 82 80 83 81 53 34 32 36 40 43 52 64 81 90 93 108 127 153 169 177 181 185 192 197 202 208 213 205 192 193 193 186 182 187 207 213 212 218 223 229 234 237 236 238 231 220 217 205 187 172 157 171 193 206 207 201 199 191 191 190 167 
75 77 83 81 75 63 34 28 26 27 33 38 34 36 33 43 52 57 70 83 103 135 158 171 182 191 197 199 201 202 197 189 192 186 178 181 184 192 205 206 210 218 224 227 229 227 219 208 194 191 174 137 113 107 91 93 146 190 200 190 198 196 192 187 
78 79 74 72 58 30 28 23 23 27 29 27 32 37 29 33 36 39 39 37 60 83 108 135 162 181 190 192 195 199 197 188 180 167 165 171 182 191 195 194 190 194 189 163 151 146 145 127 130 129 160 154 109 97 76 71 80 92 166 194 196 195 193 201 
77 80 78 64 32 27 27 33 43 49 51 58 43 37 35 32 29 32 41 36 48 56 65 89 119 150 171 182 185 186 187 182 169 158 159 169 173 164 153 155 140 120 108 100 83 68 60 78 76 77 81 98 80 82 76 69 68 60 88 158 188 203 190 192 
77 80 75 39 28 34 48 67 88 95 100 97 87 79 64 49 36 32 27 32 41 56 55 68 86 115 150 169 183 187 187 179 165 158 154 149 150 127 108 103 86 78 70 55 58 52 54 51 61 69 78 95 111 130 118 115 98 79 75 81 155 189 198 196 
77 77 60 35 38 59 70 81 90 91 100 118 123 109 93 82 63 53 42 32 34 36 40 49 62 79 123 145 162 182 189 181 171 155 139 136 132 106 95 95 74 54 50 55 52 46 42 48 70 85 121 161 181 187 184 186 177 141 119 113 100 179 192 194 
83 80 51 45 64 69 75 82 89 105 104 109 107 113 109 93 80 62 56 46 46 50 48 48 53 66 95 121 145 171 179 177 181 180 170 146 129 119 93 88 78 72 77 64 59 77 90 122 150 156 173 195 204 200 198 197 200 197 177 141 90 138 193 197 
84 74 47 50 62 71 83 96 98 96 100 91 91 102 105 91 80 64 52 42 41 45 51 58 56 64 89 115 146 170 178 181 196 204 200 180 154 141 122 105 101 96 82 74 79 92 114 124 138 164 173 185 192 198 198 198 203 205 193 170 124 129 193 194 
84 73 48 56 70 69 85 98 101 101 102 95 74 65 64 54 74 93 90 59 51 42 42 48 52 61 79 110 141 161 173 179 199 218 221 209 196 177 154 120 95 87 77 69 69 74 89 89 112 123 154 172 177 180 182 192 194 202 194 185 149 142 182 195 
80 66 51 65 76 82 85 90 89 78 61 54 51 40 30 31 24 39 64 70 78 58 41 38 45 53 70 100 127 141 157 178 198 212 221 221 209 188 160 127 113 107 95 93 98 88 81 70 70 108 142 145 139 155 166 173 181 198 207 200 171 151 186 203 
82 68 65 74 79 83 82 75 57 43 48 42 44 58 51 65 22 69 120 107 80 46 40 36 39 52 63 85 105 118 146 179 201 214 220 219 206 195 165 136 122 114 93 69 72 54 46 33 23 76 67 110 142 144 130 160 164 175 193 195 185 166 182 203 
83 75 77 77 77 77 79 65 46 44 33 45 66 64 57 50 31 43 82 164 142 63 46 50 51 58 65 79 89 107 143 175 197 214 216 209 207 199 170 126 107 102 72 79 128 84 92 54 20 97 66 115 83 110 143 94 146 165 185 196 196 198 200 202 
83 79 77 76 76 75 76 67 54 41 45 61 86 84 63 61 54 72 125 202 157 89 60 55 59 59 60 77 86 102 139 173 195 214 215 205 204 202 187 141 124 103 90 107 143 101 65 41 35 58 66 160 158 85 94 124 126 179 190 196 196 202 207 204 
84 79 78 74 71 75 77 75 60 48 55 74 95 101 81 84 84 109 168 175 144 103 69 57 60 61 62 78 81 97 136 168 195 216 216 207 205 201 191 190 176 155 123 124 139 130 104 80 69 83 141 186 170 151 99 115 165 173 192 198 199 198 208 204 
84 76 79 78 75 74 83 84 73 57 51 59 87 89 111 132 144 162 148 151 159 130 89 70 62 60 67 77 80 91 127 158 188 214 213 208 211 201 200 191 180 157 135 137 142 155 141 120 105 134 193 189 167 143 141 146 169 191 189 198 204 210 212 205 
82 80 86 75 79 78 91 87 80 74 72 68 72 72 89 118 133 152 165 173 152 116 84 71 69 69 72 78 77 92 135 166 189 212 211 206 210 206 201 199 189 174 149 126 139 142 133 154 154 161 165 173 172 155 179 196 196 196 200 201 209 220 215 205 
80 84 90 79 79 77 90 87 96 102 98 100 102 104 113 144 157 168 164 153 131 102 82 72 74 73 76 79 76 92 130 167 196 211 207 203 208 213 208 207 187 164 157 151 153 162 163 169 183 177 181 182 193 195 214 219 215 208 206 205 214 226 218 210 
80 86 83 83 81 76 88 88 104 114 115 129 138 143 147 161 160 153 149 140 124 114 96 79 76 75 76 72 74 95 137 169 193 207 204 203 205 211 213 210 199 179 172 173 184 183 176 176 189 201 208 207 217 224 226 220 215 214 213 210 213 225 218 205 
80 85 83 83 84 78 83 96 110 117 127 136 145 156 155 157 151 149 150 142 130 125 107 86 78 74 74 70 71 99 146 175 194 204 200 199 203 213 218 215 207 193 184 180 184 187 194 197 205 214 223 223 222 220 222 216 216 214 211 210 213 218 220 203 
83 81 85 83 86 84 92 102 110 120 122 141 144 150 147 150 152 155 156 141 137 134 108 85 75 72 74 76 79 103 146 177 196 204 202 197 199 205 215 225 218 201 193 189 184 193 197 196 201 207 215 218 217 217 218 215 217 216 210 208 217 215 217 207 
80 75 84 84 88 92 101 109 104 112 120 133 143 153 156 152 155 152 152 148 147 139 106 81 69 67 71 75 80 104 146 178 196 205 205 203 198 199 215 227 225 218 206 196 194 195 194 186 194 205 213 218 222 225 223 214 220 214 210 209 215 213 216 211 
78 77 77 81 92 98 104 109 113 105 116 126 145 157 162 157 160 156 157 155 150 135 102 75 68 69 73 73 77 109 156 186 197 203 200 202 202 199 207 218 226 231 225 211 203 198 192 181 200 212 224 226 226 229 226 214 220 215 210 205 209 209 212 210 
76 76 72 80 89 92 108 116 120 108 118 136 147 158 165 169 168 163 159 154 140 118 99 72 67 71 73 74 89 125 162 186 198 198 191 190 197 200 199 209 225 231 222 219 212 206 201 191 204 213 228 232 229 233 230 227 221 224 214 208 208 209 214 207 
78 75 69 81 87 93 109 117 116 120 126 144 144 157 164 173 169 168 159 147 132 109 83 68 69 73 74 81 111 147 169 186 197 199 194 192 195 198 196 200 216 230 223 214 204 210 217 214 207 210 230 239 232 236 233 231 232 228 221 213 208 200 212 208 
76 76 73 78 83 94 107 121 121 122 127 146 156 159 158 171 167 162 151 133 111 98 73 68 72 74 77 91 124 157 178 191 193 196 202 201 197 197 197 195 204 220 231 218 198 196 210 222 215 212 232 234 229 234 237 234 234 225 228 213 209 194 201 204 
73 81 80 82 85 88 105 114 124 116 129 143 153 156 155 165 162 150 138 112 92 85 76 72 72 74 84 101 129 158 180 192 196 199 204 205 198 194 194 188 201 215 226 218 202 192 197 218 223 224 229 228 231 232 234 233 230 226 224 212 207 201 199 201 
73 80 83 80 81 87 106 108 116 109 128 137 137 150 153 161 154 144 123 96 86 81 76 72 70 76 90 105 132 164 184 192 199 207 209 209 204 196 193 186 192 212 224 218 202 197 201 212 225 232 229 228 234 236 231 230 226 222 214 214 202 205 201 200 
79 78 82 79 79 87 100 109 113 105 125 125 138 147 152 155 144 131 103 84 79 81 79 73 69 80 89 108 141 169 184 188 195 212 220 217 211 202 198 197 187 199 215 208 197 202 200 207 221 231 233 235 237 233 229 231 225 222 214 213 203 207 204 196 
79 77 83 78 79 86 95 103 109 102 110 115 134 147 142 144 130 109 93 82 77 87 84 70 72 84 86 101 138 177 187 184 194 220 234 224 211 204 200 197 190 196 200 196 190 202 200 211 223 229 235 235 234 229 227 226 226 225 219 210 206 208 201 191 
78 75 82 78 80 83 86 91 98 102 99 110 124 141 133 133 119 99 93 87 82 91 84 73 74 74 75 85 115 159 171 170 181 205 221 210 196 194 200 198 195 200 195 181 172 192 199 203 214 226 228 229 231 227 223 218 221 222 215 207 201 206 200 191 
75 72 78 78 81 79 82 84 88 99 95 105 116 128 127 118 106 94 93 89 83 83 79 74 76 67 63 66 85 116 130 131 149 178 192 193 181 172 180 189 191 195 201 185 172 188 198 202 214 219 222 228 225 220 218 214 214 211 206 206 202 204 200 189 
72 74 75 80 80 77 77 78 80 86 85 101 109 113 119 108 92 88 87 82 79 79 76 73 71 52 40 36 48 75 90 89 107 143 149 118 95 88 105 141 173 191 209 199 180 180 193 203 214 216 218 221 216 213 211 211 208 202 201 207 205 205 198 183 
72 73 73 79 78 80 77 76 77 78 80 89 94 97 103 100 91 88 91 84 80 84 77 69 58 43 43 41 43 66 76 74 89 139 164 127 101 95 80 99 138 188 210 207 193 184 204 205 220 221 213 213 209 207 203 206 207 200 200 206 196 201 195 180 
69 71 73 74 74 80 82 75 76 73 81 82 88 88 91 97 100 96 92 80 84 88 76 68 53 52 65 70 68 72 84 94 111 162 200 193 185 179 141 114 148 197 216 218 217 206 208 211 218 226 214 211 212 202 199 202 202 199 197 200 195 202 191 181 
64 71 72 73 76 75 83 77 74 72 78 80 86 88 96 102 106 99 89 84 83 86 80 72 63 60 68 73 75 89 128 151 150 170 196 206 210 202 181 169 188 208 219 221 212 186 196 204 206 216 218 213 214 205 202 201 204 198 198 198 197 199 193 182 
66 71 71 72 79 75 82 80 77 77 75 77 86 88 102 108 107 110 105 96 88 90 85 72 71 67 68 76 86 113 155 174 169 172 197 208 207 198 187 188 194 202 212 218 211 183 204 208 206 208 212 209 206 205 202 204 208 201 199 195 194 193 193 181 
69 68 69 73 78 77 78 79 78 75 73 80 86 91 99 112 113 112 110 101 90 87 84 77 76 82 88 89 102 129 153 164 166 158 178 203 203 195 189 187 185 188 198 209 213 209 217 216 214 213 210 208 207 203 201 207 205 202 194 197 199 191 195 178 
67 69 67 68 72 80 78 76 75 75 73 78 84 96 107 119 112 113 106 101 90 87 87 86 82 94 104 97 109 140 161 165 166 147 155 196 207 200 193 184 179 186 182 187 197 210 218 215 215 216 209 201 207 201 204 206 202 200 195 199 199 195 190 183 
63 68 65 66 76 80 76 77 74 74 73 78 85 95 114 119 118 112 106 98 89 86 90 97 99 104 106 100 113 146 169 165 159 145 153 187 203 208 202 194 188 190 179 183 187 193 206 214 219 214 210 206 204 201 200 200 203 205 201 200 199 198 189 186 
66 69 64 68 72 79 78 76 70 72 76 82 91 104 119 127 125 108 97 91 92 88 91 103 113 116 112 105 116 156 181 168 160 147 151 185 203 202 193 193 196 196 183 182 181 181 189 204 216 216 213 206 202 197 200 200 206 207 203 200 197 197 199 178 
63 65 63 64 67 75 72 74 70 71 76 81 88 112 119 112 101 96 88 87 91 86 89 98 109 119 116 119 129 163 189 183 177 169 165 191 212 206 202 207 207 199 196 182 184 188 192 190 203 215 213 205 195 194 197 192 193 193 196 208 201 201 192 177 
60 66 66 68 65 72 72 72 72 70 73 79 93 108 110 89 82 84 78 87 95 96 95 94 99 109 117 131 139 159 187 190 183 177 184 208 222 219 216 213 213 205 199 190 190 184 191 194 197 205 206 202 196 195 195 191 193 198 200 196 204 195 187 184 
63 67 65 68 62 71 71 67 71 71 70 75 90 95 83 72 72 76 87 96 99 101 94 95 106 114 114 108 100 107 134 159 178 186 178 171 179 190 205 213 214 208 206 197 194 191 193 182 186 190 204 205 198 195 194 189 194 201 196 195 204 196 185 176 
64 65 67 68 63 67 70 73 74 69 71 74 82 80 67 63 66 81 98 105 101 94 92 99 97 86 74 70 64 61 69 86 112 131 129 116 117 123 138 160 181 196 209 213 204 195 200 201 187 184 192 196 197 195 191 193 194 196 196 203 200 192 186 180 
58 64 66 65 67 65 70 76 77 71 72 73 75 73 63 62 68 92 98 100 95 84 83 76 65 53 49 50 51 54 52 54 66 81 87 85 95 97 94 99 117 141 167 199 206 197 193 192 195 188 189 197 197 180 182 191 196 199 205 207 202 196 181 188 
54 67 66 65 69 70 67 73 75 71 72 75 71 66 69 66 73 95 97 89 78 65 55 50 43 38 39 39 39 44 47 49 59 69 71 77 87 78 73 72 73 90 111 146 180 193 189 176 179 184 191 197 195 182 194 192 196 205 209 209 204 199 189 181 
54 67 65 67 70 70 73 71 69 73 71 72 76 68 69 72 79 91 87 68 53 46 38 34 45 59 75 90 108 122 129 136 145 151 154 159 162 160 154 144 116 75 65 97 136 151 152 171 175 188 188 197 192 177 181 190 198 201 198 203 201 196 185 177 
52 67 67 69 70 67 72 77 76 78 75 72 71 71 77 92 97 88 84 63 43 45 48 48 59 80 95 111 125 137 155 169 172 171 172 170 178 183 184 179 169 151 123 110 111 113 132 154 175 191 189 193 185 191 194 201 190 183 199 199 193 201 184 188 
59 64 70 64 64 68 70 72 74 73 74 73 72 70 81 103 105 104 116 107 84 68 67 67 72 81 87 109 129 137 151 161 163 168 172 178 200 209 194 186 189 195 188 185 191 182 175 174 171 183 197 195 193 200 192 192 201 197 203 193 190 189 189 179 
71 65 68 64 67 66 69 74 73 73 74 71 73 71 81 108 124 120 115 114 97 78 68 62 67 78 96 114 126 137 140 148 156 158 173 200 223 222 207 197 186 179 188 198 199 195 186 173 167 178 198 200 193 198 194 194 195 202 192 190 198 187 185 175 
99 61 63 67 65 69 65 70 69 66 70 64 67 73 70 96 116 128 116 107 97 79 75 68 65 62 69 88 110 130 134 137 148 156 158 166 174 172 171 178 174 178 192 199 198 191 185 180 172 174 195 194 193 189 191 182 203 199 190 194 192 174 183 160 
134 53 55 67 71 72 67 67 68 63 66 65 70 74 71 77 98 117 104 103 95 86 84 77 71 69 65 62 64 74 78 69 77 89 88 106 132 143 154 174 178 179 191 203 200 183 175 175 168 178 180 184 190 192 183 178 185 187 194 193 182 178 175 155 
149 56 61 70 65 69 72 61 63 69 68 65 66 70 67 70 86 102 85 87 90 83 76 75 69 68 65 62 66 74 77 65 69 87 79 80 107 126 146 164 176 173 176 175 190 186 177 174 165 180 179 188 195 187 168 183 187 182 187 197 187 178 163 144 
159 95 51 63 66 69 69 64 70 68 73 66 69 70 69 69 71 84 85 80 77 70 70 68 68 70 64 57 61 68 77 73 81 102 95 86 101 115 129 154 165 169 166 167 173 178 179 177 165 186 179 190 195 191 173 161 184 189 184 172 175 168 163 140 
158 139 53 57 60 66 71 64 65 68 75 62 65 64 62 66 77 84 80 76 75 73 71 75 83 89 90 90 88 79 68 71 94 114 119 120 125 135 144 162 171 165 153 156 164 168 166 167 166 181 177 182 190 166 166 165 180 189 188 187 186 164 157 158 
155 160 74 64 62 62 72 66 68 69 62 67 63 61 63 62 65 77 94 91 81 83 86 84 102 129 135 134 129 120 118 130 153 164 169 175 173 174 174 171 174 173 177 176 165 154 161 166 169 171 166 170 168 161 175 191 185 197 183 182 177 154 139 173 
153 159 106 56 57 62 66 68 63 66 60 68 66 59 62 63 71 79 92 113 98 90 90 109 129 142 151 156 141 137 141 152 162 168 177 187 202 209 202 194 189 185 188 191 183 178 180 173 172 174 169 170 166 176 185 187 189 191 182 173 152 139 158 175 
156 161 123 56 60 61 64 70 66 64 69 73 72 58 62 60 55 67 85 93 107 113 125 128 139 157 154 140 131 138 147 150 160 177 197 213 219 220 211 211 207 208 202 186 172 180 167 175 161 166 164 158 174 175 173 182 177 182 169 155 138 135 172 169 
159 154 138 54 59 63 64 66 66 66 72 70 72 67 61 60 55 67 82 92 91 115 137 133 130 127 144 129 115 137 147 155 171 197 211 211 211 215 212 210 213 209 205 184 175 174 169 166 170 162 156 166 173 193 183 188 176 170 151 136 122 166 179 174 
156 154 144 57 60 59 60 63 68 66 68 63 66 62 62 55 53 58 69 93 89 109 117 115 112 120 134 140 125 132 153 160 167 170 179 195 199 206 213 209 209 206 197 193 199 194 174 169 166 175 169 167 186 173 176 168 166 157 128 109 170 178 171 180 
152 156 147 60 64 57 53 59 63 66 71 64 61 63 60 60 61 56 62 76 83 91 99 91 100 126 124 127 148 150 158 166 178 177 174 188 202 203 204 212 209 199 198 204 196 186 175 165 156 162 159 167 161 170 160 153 151 125 103 170 186 188 183 179 
