95 116 131 127 128 136 138 137 137 138 134 139 139 139 144 142 141 143 147 144 139 143 149 148 149 155 161 167 175 178 161 176 189 189 174 174 164 161 163 160 152 146 146 152 158 153 141 138 144 145 141 134 128 130 134 133 128 129 129 121 111 112 110 107 
99 107 125 127 126 132 135 140 146 144 140 141 139 136 141 141 146 143 146 147 145 143 139 140 149 154 155 161 167 165 154 162 172 174 165 163 154 152 152 148 145 146 145 143 137 136 142 147 146 139 136 130 126 126 131 131 125 123 122 121 112 110 106 102 
112 113 126 126 127 139 142 138 144 150 145 142 131 129 140 138 129 129 127 132 138 138 135 137 143 145 147 154 158 153 149 153 164 166 161 160 153 152 155 152 155 162 158 145 140 128 118 119 128 130 122 116 109 108 117 127 130 129 130 129 115 109 106 102 
105 111 118 128 134 140 147 145 141 130 114 114 117 120 120 114 112 102 99 106 114 120 126 138 146 143 143 149 152 146 152 151 160 162 154 146 141 147 152 144 133 123 113 109 104 91 79 89 108 107 89 107 105 96 99 113 125 125 127 128 114 108 104 105 
99 113 112 131 137 128 138 144 130 113 98 96 91 91 92 82 74 56 56 65 66 70 84 112 130 137 146 150 150 144 154 153 159 156 161 146 133 137 142 130 111 88 73 67 72 68 57 49 53 67 75 75 79 78 82 98 114 123 124 124 115 108 103 104 
104 127 113 124 133 127 132 126 102 87 87 80 62 54 59 50 42 30 33 40 39 42 60 88 104 119 136 141 145 145 153 155 157 153 151 141 133 132 122 101 87 76 63 50 46 37 31 32 41 55 65 69 74 69 59 59 76 96 113 119 116 111 105 103 
103 130 117 116 130 130 121 95 68 51 51 56 56 48 42 40 48 32 32 32 31 38 51 63 74 91 113 125 139 146 148 155 158 152 136 136 141 138 112 79 65 59 53 49 42 32 26 30 41 43 38 52 59 57 50 48 56 73 87 97 110 112 110 103 
104 121 120 121 129 113 77 52 41 34 40 55 66 67 68 64 65 50 43 37 33 37 39 43 54 74 96 113 135 150 142 151 154 146 138 135 135 126 102 73 60 52 42 38 33 29 35 41 49 51 51 54 51 48 45 45 51 60 63 68 94 108 114 109 
114 114 121 126 112 75 43 34 38 49 63 82 95 107 115 108 102 95 90 75 55 49 42 42 56 72 90 111 133 151 137 147 153 143 143 133 124 107 87 69 60 52 41 32 28 42 57 75 88 91 96 92 77 66 54 44 46 53 57 59 76 94 106 106 
122 119 126 125 89 54 48 51 63 86 100 113 128 143 144 140 139 132 139 129 104 93 73 57 57 65 84 110 136 148 138 144 161 142 143 135 125 100 78 62 52 51 58 59 65 88 101 120 127 129 121 120 114 109 88 64 53 58 67 65 65 79 96 103 
121 122 131 127 86 60 63 78 98 119 129 132 135 144 137 146 141 123 126 127 120 120 108 83 62 59 75 101 139 148 148 141 165 145 146 135 124 96 67 60 56 62 83 95 104 117 115 133 127 134 134 126 129 130 120 95 74 72 77 71 62 71 93 108 
126 123 129 114 74 65 81 106 122 124 122 128 130 117 115 140 136 109 92 79 72 87 103 98 83 74 70 84 124 152 163 138 151 155 155 136 119 84 53 57 77 93 95 94 94 96 93 113 116 115 133 120 124 121 119 112 98 85 81 82 74 71 92 101 
134 126 123 92 75 93 112 114 120 124 112 112 100 80 108 131 117 101 89 87 83 79 77 79 88 86 61 62 116 163 163 150 159 148 161 147 115 69 51 65 84 92 81 70 75 98 104 102 95 98 94 96 105 103 109 119 117 99 84 91 83 81 91 91 
137 113 120 109 109 110 112 113 123 116 83 71 68 55 71 71 86 65 48 57 80 86 75 74 87 93 77 72 120 158 154 148 170 140 154 149 117 59 60 83 83 74 72 67 96 110 86 70 58 66 65 77 74 69 76 94 112 111 89 86 89 103 104 104 
137 125 132 104 100 98 115 130 110 78 59 51 56 32 17 47 150 64 37 35 65 79 84 95 104 101 81 74 123 135 110 134 198 109 74 94 107 74 60 85 93 88 83 58 74 98 66 32 93 45 20 32 44 61 70 68 81 107 111 100 102 129 110 113 
130 114 118 122 136 126 118 114 78 47 52 65 92 83 31 35 66 29 51 80 119 104 79 95 126 119 93 86 67 54 70 126 196 137 55 48 52 73 83 113 126 89 58 64 116 127 66 23 87 25 45 21 37 49 52 56 62 85 104 104 130 159 112 115 
124 132 128 125 139 144 140 119 68 33 41 84 139 120 41 58 37 22 44 91 169 160 99 81 106 121 114 78 49 107 138 126 141 151 121 111 54 91 106 103 105 92 86 109 165 147 71 51 28 38 39 49 92 76 46 43 39 54 110 126 101 134 76 93 
128 131 139 134 130 124 113 74 53 67 83 96 122 136 86 36 60 57 74 123 115 106 107 102 105 119 109 78 77 134 145 155 155 146 146 143 92 78 94 104 97 95 110 107 123 140 71 54 64 43 37 92 122 103 61 39 44 63 88 102 95 113 101 79 
81 78 97 95 99 104 116 111 94 84 83 91 95 103 105 98 110 114 93 117 103 106 117 108 115 112 70 70 114 125 132 143 136 142 134 126 89 65 86 101 103 106 99 98 108 117 122 103 104 80 102 121 122 98 69 59 64 72 82 98 113 117 122 114 
118 109 119 87 90 109 126 123 112 101 92 105 105 90 90 95 92 122 95 93 89 84 90 100 100 86 72 78 100 119 137 134 160 136 135 131 96 67 65 64 79 96 93 95 88 79 111 113 92 114 103 97 98 94 84 76 78 87 103 115 119 116 129 124 
136 134 145 110 119 147 158 140 112 98 102 107 103 99 109 106 92 108 97 90 94 89 90 106 89 68 76 74 108 122 135 150 137 135 138 130 108 71 57 46 63 99 97 88 89 100 89 122 99 110 108 94 89 87 82 82 92 107 111 110 116 116 140 129 
128 128 150 147 153 162 151 133 123 113 104 97 98 104 102 97 101 93 92 96 102 109 118 110 86 78 90 86 108 130 131 145 132 140 133 127 106 79 69 69 78 101 110 93 86 94 87 108 101 116 107 98 92 92 91 91 99 112 111 98 96 104 138 130 
117 109 135 157 154 141 122 120 126 120 109 102 104 107 107 110 107 95 102 115 122 128 131 117 103 108 111 103 107 124 129 141 147 145 134 130 114 81 82 93 96 99 112 112 107 99 90 93 97 112 120 112 99 96 101 108 114 118 111 96 83 85 115 116 
118 106 121 138 130 117 111 119 130 128 123 122 127 125 126 139 129 108 125 131 139 129 124 123 119 113 113 115 115 119 131 139 151 143 133 136 115 80 80 98 100 98 112 123 125 115 109 109 105 124 123 119 112 111 120 123 119 115 112 107 101 99 111 112 
126 114 125 132 118 104 111 122 129 134 136 137 141 133 127 140 135 122 137 132 136 128 126 127 118 105 113 122 118 123 130 131 150 137 132 136 111 80 79 92 97 100 111 122 123 123 127 127 118 127 120 122 123 126 128 126 119 116 118 118 123 128 129 120 
131 124 135 142 136 119 119 130 133 133 140 141 137 127 122 126 121 131 139 131 135 135 137 128 110 111 124 123 108 119 128 130 147 138 134 132 111 83 84 91 97 103 111 120 121 127 135 130 123 120 125 129 129 129 129 129 129 129 129 125 125 140 141 133 
130 134 136 147 153 142 131 136 138 135 139 143 143 137 133 130 126 130 138 132 144 138 135 123 114 122 129 122 107 113 129 137 143 140 136 135 117 97 91 95 102 109 116 121 120 124 137 134 128 137 133 136 135 135 139 141 136 130 131 132 130 137 140 138 
124 139 142 141 148 150 143 138 132 133 142 147 147 147 144 141 142 132 136 130 140 135 127 118 116 128 127 119 114 120 135 143 146 145 147 139 124 110 104 98 94 103 116 123 124 123 132 137 131 138 142 138 134 137 143 144 137 127 120 126 145 146 140 130 
113 136 143 143 151 159 151 138 132 137 142 139 138 143 142 133 135 143 141 130 138 135 128 120 120 128 122 112 119 127 136 146 146 151 146 135 127 119 108 96 90 96 109 127 142 140 136 128 115 120 139 139 136 133 134 136 135 131 129 132 141 139 130 121 
112 129 139 143 154 160 151 146 142 144 144 133 134 148 151 144 147 151 149 137 140 138 132 123 122 128 125 116 131 136 138 146 145 153 142 137 134 127 115 103 99 99 112 136 144 133 137 153 145 134 133 139 137 132 130 132 136 138 142 140 127 131 129 128 
120 131 135 137 147 150 151 155 154 152 152 142 141 154 158 156 161 147 150 148 145 138 129 121 121 122 113 112 132 139 137 145 147 157 144 138 135 130 121 107 100 101 107 127 148 144 144 156 149 143 149 145 143 143 143 142 140 138 137 133 126 131 129 123 
116 130 135 134 137 142 142 149 150 152 161 156 149 150 151 151 155 147 150 147 145 143 137 125 118 120 125 127 137 138 134 134 133 138 143 136 128 129 123 107 93 92 109 135 150 140 137 149 146 139 137 142 145 146 145 143 138 131 126 120 115 123 123 120 
110 125 131 133 137 139 136 142 142 143 153 156 153 155 159 159 157 157 153 146 148 152 145 130 117 114 118 125 128 140 149 151 155 157 148 139 130 127 127 116 103 100 113 135 154 148 142 150 150 148 147 148 146 141 136 132 131 129 125 123 121 125 122 116 
119 121 125 130 138 137 134 145 147 139 142 145 147 153 161 159 146 158 156 153 156 155 141 124 116 121 131 136 128 133 141 136 136 130 133 137 127 119 120 121 112 106 111 128 155 157 150 149 146 151 155 154 149 140 133 131 133 133 130 125 119 121 117 113 
116 123 125 132 139 141 142 141 139 142 145 143 149 161 156 146 148 154 147 155 158 148 129 118 124 130 126 134 133 132 141 153 155 144 146 141 136 126 114 111 116 116 112 124 145 161 158 148 155 161 152 151 148 144 144 143 140 132 124 119 117 113 111 113 
112 122 125 130 134 135 139 138 142 147 141 139 145 153 156 155 154 152 153 150 155 145 128 128 130 124 126 128 129 132 146 168 184 191 164 143 132 129 117 108 113 117 113 114 131 141 152 158 163 145 148 145 140 136 137 139 138 131 123 117 115 112 113 119 
113 122 124 127 128 129 132 134 143 147 137 140 145 141 152 164 155 158 156 149 152 138 122 132 139 128 124 120 120 127 140 149 156 158 140 129 127 122 109 100 108 116 113 106 117 138 156 151 167 144 150 141 134 131 131 131 129 126 122 120 119 112 110 114 
115 121 121 123 123 124 128 132 140 139 136 146 151 137 144 159 151 159 147 149 148 125 115 128 132 128 128 116 107 107 117 127 134 140 135 124 116 103 95 98 110 115 108 95 106 142 153 137 163 149 149 139 135 134 133 129 122 119 120 122 118 110 105 106 
117 120 117 119 122 121 128 132 134 134 136 146 148 139 141 151 150 155 139 148 141 118 114 116 104 88 86 84 84 88 100 115 121 122 115 103 100 96 86 82 78 76 78 78 97 138 139 144 162 146 146 139 136 136 134 131 123 118 121 119 110 106 106 109 
119 119 115 118 122 123 127 131 133 133 135 137 140 144 146 148 152 153 140 137 139 125 103 93 76 55 46 47 48 55 73 92 97 93 96 84 79 69 57 47 46 51 59 57 83 133 139 154 153 143 140 139 134 129 129 131 128 123 120 117 107 108 109 111 
118 118 113 117 121 119 124 128 131 133 131 131 136 145 148 150 153 154 143 128 141 134 93 72 70 66 59 49 41 42 58 75 81 78 85 67 52 34 27 35 43 50 53 46 72 134 144 141 138 143 134 139 131 121 122 128 130 124 117 116 113 111 107 103 
114 115 112 117 117 114 120 124 127 127 130 135 141 141 144 147 149 144 140 131 136 132 98 74 77 87 84 80 74 71 68 66 69 73 70 51 44 34 37 48 48 48 55 61 89 136 143 128 136 149 133 140 130 121 121 125 122 117 113 114 116 111 101 97 
112 115 113 114 115 113 116 122 124 125 130 139 141 140 140 143 143 133 134 134 131 127 114 98 88 91 94 97 103 101 85 61 58 57 53 51 65 68 65 65 63 64 76 96 121 137 134 135 144 149 140 140 131 123 123 123 117 112 110 110 111 105 100 98 
108 116 114 110 111 117 115 119 128 131 132 131 130 141 140 139 133 137 130 129 128 124 122 118 107 99 101 94 99 110 105 78 72 48 52 64 85 86 75 76 86 89 95 117 134 134 133 139 135 139 140 139 131 125 125 123 115 115 113 109 106 103 99 101 
108 114 112 110 110 118 114 115 128 137 134 130 131 141 133 125 117 137 129 122 118 117 113 109 109 106 94 84 88 100 101 83 89 80 94 93 92 85 74 73 79 90 99 104 125 126 135 138 130 137 135 137 133 130 126 117 110 108 112 111 105 100 98 101 
108 115 115 112 109 119 117 114 120 128 136 138 129 129 118 118 120 123 123 115 112 112 108 102 98 103 104 93 99 108 106 88 96 90 100 104 106 102 97 94 88 88 96 102 118 115 127 134 125 134 126 135 133 127 122 113 107 109 114 110 103 99 97 99 
107 115 116 111 106 117 118 117 116 122 137 138 122 115 111 121 129 107 116 114 106 109 111 107 95 100 108 98 99 97 90 81 95 96 100 108 112 103 98 95 88 81 89 104 114 104 116 122 119 129 115 127 127 120 117 113 114 114 114 109 106 100 97 98 
102 109 114 110 101 111 116 119 121 128 134 123 105 109 116 122 116 106 113 107 96 101 109 109 104 99 99 107 120 113 105 98 104 97 95 103 106 97 92 93 89 86 91 94 105 101 103 109 112 126 108 120 120 116 118 118 117 115 113 106 107 101 98 97 
102 109 114 113 101 108 115 121 125 129 127 113 98 109 118 121 107 104 103 99 95 97 100 99 98 99 99 105 113 97 93 104 122 122 96 94 102 104 101 96 91 91 90 81 96 104 103 101 109 121 114 115 115 119 123 121 114 110 111 110 108 101 97 96 
106 106 114 115 105 109 115 120 124 127 126 118 107 115 114 112 102 94 94 99 103 102 100 100 99 99 102 110 127 120 119 134 146 144 121 112 113 108 96 90 89 88 87 84 87 100 101 98 108 114 119 114 109 112 119 118 110 106 109 109 104 99 94 93 
106 104 110 115 106 109 112 115 124 131 126 122 118 124 113 101 92 85 94 107 107 103 111 122 123 122 124 123 134 125 125 132 138 136 129 130 134 124 109 108 110 103 98 94 80 91 94 94 105 105 115 114 102 100 108 113 109 105 107 107 103 98 91 90 
104 100 104 103 107 106 109 115 127 138 132 116 124 130 117 93 92 96 110 115 113 113 119 122 118 116 116 118 137 128 128 131 127 123 128 136 137 126 116 116 115 112 114 108 96 89 92 86 85 98 102 106 109 97 103 116 117 110 104 103 108 95 86 85 
108 102 108 102 114 107 107 113 126 137 127 110 122 136 132 102 82 91 104 110 106 101 98 94 92 93 92 96 118 118 128 137 137 131 120 110 92 78 86 104 109 104 101 100 105 103 99 77 68 90 104 117 122 106 104 120 120 108 102 98 104 95 88 84 
108 101 109 103 117 104 101 108 125 138 126 115 123 130 128 100 62 55 71 82 80 76 76 75 71 69 70 69 82 91 102 105 105 96 88 86 80 69 76 89 85 73 71 77 85 89 85 61 47 81 112 117 119 104 105 123 124 107 98 95 97 93 88 87 
107 98 108 105 117 102 97 104 118 131 126 120 121 113 99 80 58 35 35 40 46 52 57 61 60 62 61 49 57 63 70 71 68 72 61 60 60 54 62 70 66 61 61 60 52 49 48 40 40 68 92 99 103 95 103 126 129 108 95 96 91 89 87 91 
105 100 105 108 116 104 97 100 112 126 134 131 126 115 95 86 90 77 44 26 31 41 43 50 64 81 81 66 74 75 71 65 48 67 75 69 66 56 61 61 49 42 41 41 31 29 35 52 75 89 89 91 98 95 107 129 130 107 93 93 88 87 89 94 
105 104 103 112 115 108 97 100 107 123 140 132 124 126 112 108 117 119 81 58 61 62 57 61 77 98 106 97 114 120 112 97 69 94 120 110 101 84 81 71 51 43 49 54 44 51 64 89 113 115 106 103 107 107 116 129 124 101 88 90 88 86 89 96 
101 103 102 113 115 109 99 97 103 120 135 127 119 130 122 121 117 120 102 94 96 89 85 87 92 99 107 105 117 130 131 122 102 124 134 121 113 94 94 87 77 77 83 82 68 79 93 107 115 115 120 118 114 116 120 122 112 96 86 88 87 85 88 95 
97 99 101 108 115 110 101 95 101 117 131 131 124 130 121 125 118 113 101 99 98 90 90 99 102 97 98 98 89 107 111 105 104 109 113 106 105 88 95 99 94 91 87 81 73 82 89 98 110 113 124 121 118 122 124 115 101 91 86 85 86 87 89 95 
93 96 101 104 114 112 104 97 100 109 123 132 129 125 116 126 123 113 98 97 102 101 97 99 99 95 100 106 90 106 111 109 109 95 107 109 117 101 97 93 87 83 81 78 78 84 81 88 118 122 121 122 121 126 126 113 96 85 81 83 87 92 96 96 
93 98 100 98 104 114 109 100 98 104 116 128 127 121 124 125 123 119 116 104 98 101 107 106 101 102 108 118 113 120 128 145 143 134 136 125 124 109 94 85 81 86 91 93 86 84 88 97 125 123 121 126 130 131 127 116 97 77 74 81 86 97 104 95 
94 97 99 93 101 111 106 100 96 97 110 127 131 126 124 119 117 126 117 97 90 99 110 111 104 96 99 118 135 149 146 144 136 144 136 113 99 88 89 96 96 93 96 98 79 81 101 112 124 109 109 119 124 126 124 113 91 75 74 82 87 97 102 92 
93 96 97 89 96 108 107 101 95 91 101 122 130 128 123 114 113 121 126 121 109 103 102 106 113 119 115 110 118 133 152 159 127 119 114 101 100 101 108 107 97 86 86 92 82 94 111 111 112 98 113 118 119 121 117 103 83 71 76 86 86 97 100 87 
90 94 95 88 95 111 112 109 101 90 94 112 121 123 119 109 117 121 123 119 110 106 104 102 99 104 111 120 128 112 112 129 113 125 116 110 111 110 108 100 87 86 87 83 91 108 108 97 106 99 124 123 119 118 112 93 73 67 81 91 86 95 96 81 
