146 163 145 151 153 142 156 162 148 167 158 163 155 161 162 165 168 172 172 167 165 157 162 159 159 159 165 167 160 153 160 170 163 169 152 161 148 145 154 168 144 148 131 148 146 157 132 128 130 123 112 122 117 110 110 110 104 107 105 95 90 88 91 86 
142 154 150 142 150 157 158 157 154 161 161 165 157 161 167 169 168 162 166 173 172 163 169 164 165 160 164 171 156 154 158 159 158 163 165 150 159 138 155 148 165 149 143 152 140 148 130 124 133 124 124 117 115 112 113 110 102 100 106 106 100 87 90 83 
148 139 137 152 161 161 162 156 155 155 166 168 163 161 164 161 157 162 160 153 152 154 153 161 168 172 164 162 157 158 163 142 163 157 168 151 151 152 158 169 161 155 145 164 149 136 121 107 115 134 114 118 107 108 102 95 97 103 107 91 95 97 92 90 
155 145 141 158 154 163 164 159 157 151 154 157 155 158 164 159 168 158 165 156 160 140 144 143 159 151 165 170 154 150 159 153 160 140 159 165 168 154 157 163 156 146 142 163 146 114 121 116 120 107 110 91 78 87 86 81 84 86 74 78 97 107 90 90 
152 149 151 157 158 160 163 152 155 160 158 163 174 160 163 162 173 170 170 168 167 166 164 156 170 171 167 152 162 128 162 168 161 162 159 158 165 157 154 160 161 159 146 151 154 112 106 104 81 80 99 75 82 65 76 70 81 65 71 75 84 99 91 89 
149 149 144 159 144 160 161 160 170 156 164 164 170 165 170 167 177 170 173 169 165 164 169 162 169 166 161 164 144 123 163 152 159 158 143 161 162 169 165 154 159 156 146 140 111 110 107 87 86 73 72 55 63 63 64 76 63 64 64 45 62 60 75 90 
147 158 156 159 153 159 159 173 168 157 164 166 170 167 167 169 146 176 164 173 171 167 170 168 167 162 161 158 149 120 164 162 162 163 158 163 168 170 162 162 150 146 132 105 109 93 89 83 75 88 50 73 61 69 75 53 52 64 61 59 50 52 76 87 
157 150 154 155 162 172 163 159 163 155 160 161 163 156 163 170 171 165 159 157 170 165 161 165 158 164 159 147 148 129 167 162 167 160 158 156 154 165 151 144 141 133 115 94 93 83 88 87 74 61 73 80 64 71 70 70 71 68 58 55 53 66 71 75 
159 145 152 155 158 157 149 150 167 159 172 150 164 156 132 133 141 144 134 139 139 158 145 158 142 161 157 160 150 132 168 172 169 159 150 140 146 168 158 137 146 117 104 102 92 87 68 60 67 68 60 60 74 75 69 70 61 62 61 65 67 59 60 79 
153 144 154 161 154 135 122 154 150 151 144 141 132 116 129 121 109 109 111 129 124 128 127 143 139 146 155 153 141 145 170 171 169 159 154 155 148 155 135 145 134 123 98 93 82 73 65 79 74 69 77 88 93 96 95 89 76 80 67 56 61 59 62 71 
152 155 160 152 130 138 160 128 126 122 124 92 131 132 124 123 130 140 96 105 112 103 134 133 131 122 140 140 147 129 157 178 165 161 151 146 142 150 141 126 134 99 95 85 65 74 76 70 75 97 109 110 110 103 100 96 88 88 72 69 72 74 70 70 
145 153 147 142 154 130 103 97 104 85 120 98 100 96 99 94 91 116 120 108 115 120 123 125 127 139 145 144 134 146 166 168 159 160 148 142 139 135 130 124 107 98 70 76 75 80 88 108 128 138 129 137 120 107 101 108 96 94 80 85 81 75 71 66 
161 148 136 134 101 76 117 116 73 94 89 93 88 92 80 73 86 88 97 107 121 117 127 128 133 133 139 146 152 139 160 163 152 143 146 127 129 125 118 110 89 69 68 78 84 101 123 142 145 142 141 134 133 114 108 113 98 91 80 80 78 73 70 62 
157 127 108 95 75 102 86 79 86 92 92 97 99 97 85 89 92 104 111 120 114 122 119 127 129 130 136 143 138 166 155 159 163 135 122 125 123 112 99 85 63 59 80 87 109 125 142 128 110 95 85 72 73 84 89 110 97 89 87 77 77 81 80 75 
150 116 94 74 106 91 84 73 94 80 93 107 104 101 103 107 98 95 99 99 104 105 108 107 113 120 135 120 146 148 160 163 162 149 131 122 112 93 74 62 59 77 95 98 127 123 81 74 106 116 121 99 101 85 74 58 72 68 73 67 72 66 71 73 
132 77 93 78 74 80 101 97 104 125 113 116 120 134 143 146 144 136 130 114 106 107 106 101 104 104 122 125 142 153 157 170 167 152 141 122 98 75 57 54 64 75 96 128 92 61 132 130 105 91 71 50 38 36 52 46 78 50 72 69 66 69 78 80 
108 77 80 90 76 110 122 109 115 123 131 146 150 160 161 153 151 150 142 138 133 128 111 107 107 112 120 132 144 159 164 170 165 165 144 150 107 69 56 59 68 85 99 64 95 141 123 68 38 41 29 21 27 21 44 38 25 52 47 69 62 72 80 77 
88 65 85 86 96 111 104 94 124 137 146 169 164 153 125 100 90 78 85 106 114 113 110 116 108 116 135 140 143 165 175 180 177 162 156 137 90 60 60 57 68 80 77 123 116 94 75 138 185 196 93 41 47 56 65 85 36 39 56 76 71 79 86 86 
75 70 90 100 102 101 111 127 126 153 157 134 63 87 125 110 134 100 96 85 82 76 109 108 102 118 137 145 156 169 172 175 179 164 155 128 95 61 63 63 84 94 119 97 70 132 192 192 163 47 68 5 39 63 63 82 78 67 55 73 84 99 92 87 
76 107 126 115 109 117 127 152 142 95 96 113 144 121 78 67 73 39 67 58 71 82 64 82 99 112 129 159 162 156 161 166 173 160 148 127 100 67 72 109 94 97 72 147 137 168 186 190 165 51 87 82 71 66 76 102 98 79 75 74 79 94 101 90 
69 108 118 114 124 127 132 142 51 129 162 151 58 50 47 19 37 38 32 63 58 78 97 103 122 153 135 157 162 158 166 174 173 166 158 137 108 73 77 96 130 130 131 105 113 112 124 122 126 107 121 105 111 111 88 96 106 100 110 95 93 89 95 111 
106 101 123 104 124 133 117 72 124 134 79 68 96 98 202 74 61 62 74 68 109 52 85 118 153 189 156 149 161 149 168 163 160 158 138 144 114 79 78 69 103 136 143 139 146 161 149 138 128 109 110 93 102 117 115 105 98 109 115 108 107 100 103 103 
95 127 116 128 131 127 112 104 94 44 71 144 150 79 45 42 32 77 80 57 108 81 105 137 160 166 140 168 151 156 172 141 153 143 144 128 124 95 76 80 85 103 123 128 135 142 146 155 159 168 146 139 133 125 122 112 102 114 114 116 114 104 99 102 
125 120 133 137 138 135 100 97 114 113 106 126 147 106 70 76 70 96 93 114 114 111 135 153 163 149 157 162 145 149 166 152 153 144 138 125 119 102 78 85 90 96 114 128 132 138 140 142 147 130 143 136 142 128 116 109 123 126 122 129 123 110 107 102 
148 134 144 158 141 106 128 134 139 145 145 158 136 153 147 146 131 134 107 96 120 124 141 132 145 156 156 152 128 142 140 145 147 133 148 120 119 109 87 83 87 99 105 124 139 133 120 157 133 121 120 127 126 121 125 118 118 114 108 122 129 111 107 99 
157 163 151 161 132 131 150 157 159 168 184 185 181 180 165 163 152 152 135 133 127 140 136 153 155 172 153 146 137 134 142 143 135 136 134 128 120 113 89 75 88 88 99 113 125 149 134 134 123 130 134 143 133 124 124 120 121 127 135 138 134 121 114 99 
157 147 149 132 126 156 164 160 162 172 178 181 192 201 192 168 151 158 153 139 134 136 163 161 171 163 153 143 126 129 149 133 137 134 125 131 113 112 96 75 83 88 102 111 125 134 155 145 138 134 140 138 130 141 141 136 133 132 142 137 127 114 113 101 
141 149 156 155 147 161 172 163 165 169 168 175 173 160 160 152 140 135 139 143 156 170 171 178 164 164 156 153 138 135 129 125 146 140 134 122 112 107 100 86 81 79 96 105 116 123 144 147 140 137 136 146 135 142 144 142 133 138 138 135 127 117 113 103 
152 153 155 149 156 164 162 165 169 170 164 151 155 147 142 141 146 154 158 158 164 165 178 176 166 171 155 144 140 144 139 140 151 143 123 119 115 103 106 92 88 87 92 104 107 112 139 140 149 150 142 147 153 144 146 150 141 145 137 129 117 116 107 97 
157 156 155 162 150 165 169 168 170 170 159 149 166 168 169 170 168 166 166 174 183 177 176 176 174 166 155 142 134 135 136 150 147 133 125 118 117 109 103 90 86 88 93 103 103 118 135 139 153 153 154 141 145 142 139 146 143 137 132 122 124 108 100 93 
157 157 157 142 159 168 170 161 161 165 163 157 165 160 157 171 169 169 167 178 181 169 170 162 168 162 149 136 142 121 127 155 144 122 129 114 117 110 102 94 90 94 89 96 106 114 129 139 144 142 156 161 135 147 135 130 141 125 116 125 126 103 99 94 
153 149 147 164 162 161 162 164 163 165 148 163 161 165 169 172 175 170 172 171 181 176 174 173 163 161 152 150 146 134 128 132 139 137 143 138 121 124 100 88 84 80 80 86 107 118 140 126 134 149 157 145 135 141 136 129 134 122 105 106 105 103 100 92 
148 138 151 153 159 163 170 163 166 163 156 149 153 165 168 167 171 172 175 157 170 175 172 171 161 159 161 148 138 136 132 139 133 154 132 145 133 108 99 84 90 79 69 70 99 113 142 123 137 147 149 142 144 146 137 127 125 123 114 113 111 109 101 93 
146 143 154 154 166 167 171 172 157 169 172 165 166 168 172 169 166 171 172 175 175 173 170 174 170 170 155 156 137 129 140 148 156 157 165 150 132 110 104 81 84 67 71 58 75 104 121 144 144 149 149 130 146 144 134 135 119 117 116 105 104 94 87 92 
152 157 155 151 160 162 154 166 166 166 162 163 163 164 167 162 160 166 164 174 179 170 172 173 163 160 153 148 141 147 151 156 146 167 158 140 135 112 111 89 93 70 78 67 67 81 104 131 142 144 151 155 131 132 130 131 119 117 119 107 105 93 90 84 
156 154 158 150 148 160 156 159 161 167 159 159 166 162 166 159 164 167 173 166 172 166 174 151 142 148 147 135 137 142 140 149 155 146 157 151 149 133 120 99 92 89 86 85 72 78 78 101 115 140 151 134 147 133 138 140 122 114 118 107 104 80 88 85 
155 157 155 147 159 151 150 158 159 160 167 161 164 166 161 170 165 167 171 173 173 169 140 130 144 148 144 144 140 147 139 145 162 143 159 155 140 136 114 110 97 90 85 91 96 74 66 66 94 109 132 151 144 157 135 132 123 108 114 105 99 89 84 80 
155 162 162 148 148 145 148 152 155 161 155 159 158 157 167 165 166 171 173 159 153 140 120 128 156 150 145 140 136 145 133 153 159 154 155 159 148 135 119 105 96 102 91 92 98 90 67 66 66 91 119 125 143 137 134 131 127 109 117 99 96 90 85 80 
149 160 163 141 142 131 137 154 155 159 159 163 159 159 164 164 150 165 154 146 129 112 122 152 157 140 140 146 136 148 154 159 144 156 144 163 151 138 123 106 101 106 97 94 97 94 80 88 55 72 91 112 126 122 130 128 126 116 112 103 100 84 76 83 
139 148 151 154 130 141 140 160 155 161 157 165 171 168 170 159 160 154 136 119 104 92 129 152 134 146 145 142 138 143 153 159 161 150 150 153 153 150 127 101 98 95 96 91 93 81 75 85 85 50 73 97 113 117 126 117 120 110 108 94 92 85 83 82 
145 145 147 150 144 145 142 161 158 154 159 164 168 171 157 162 154 139 125 94 69 109 139 135 138 144 138 140 137 152 155 159 135 145 154 160 159 161 153 130 117 99 94 95 81 52 74 82 86 92 46 79 106 109 114 112 113 103 109 95 94 84 82 79 
146 145 146 144 142 141 141 139 159 144 164 163 163 162 159 139 133 115 94 71 87 147 153 136 141 144 143 149 143 140 152 141 153 160 169 184 162 144 131 130 111 101 83 74 34 42 71 76 83 78 80 54 84 97 108 110 109 103 107 94 95 94 83 84 
143 137 143 136 140 139 142 152 140 151 161 152 150 139 144 139 132 94 90 67 138 152 161 161 123 150 152 145 139 144 145 139 157 169 163 155 133 123 104 96 88 76 75 21 44 52 71 73 75 75 84 54 59 91 102 104 107 107 106 98 91 91 75 81 
140 136 141 137 145 136 141 147 143 150 146 140 139 140 134 128 105 98 57 133 163 163 164 142 122 118 136 141 138 129 128 139 130 134 131 136 113 102 95 72 69 67 37 48 53 70 69 74 74 80 86 84 46 71 96 104 103 108 95 88 78 88 81 83 
144 144 139 131 141 136 135 140 140 147 135 141 127 132 124 111 95 66 110 151 165 162 158 156 125 103 70 65 74 70 94 111 109 117 121 122 96 84 74 65 68 55 50 54 67 68 74 74 74 79 80 80 78 52 85 91 98 106 101 92 93 89 90 77 
137 138 135 141 137 142 136 131 140 137 151 127 131 124 113 98 72 86 158 159 163 161 164 143 142 134 122 107 105 99 97 86 93 118 120 119 89 68 53 65 45 37 58 60 70 72 78 75 75 74 79 90 90 70 69 94 98 97 103 96 93 91 82 83 
142 146 142 138 139 127 123 136 143 143 131 134 131 111 99 78 73 154 155 158 159 152 151 148 143 155 143 133 127 123 125 106 91 64 89 86 57 46 37 38 28 53 60 69 73 78 77 80 83 68 86 86 93 85 75 94 109 111 96 95 88 95 74 87 
139 139 142 136 131 133 139 136 132 138 140 119 120 100 92 66 134 158 164 163 161 154 159 148 149 155 150 145 136 134 132 115 110 83 57 52 68 64 53 54 59 65 67 73 83 82 88 88 84 79 81 86 90 94 76 83 112 117 104 104 102 94 91 83 
132 142 129 139 136 139 145 139 138 131 120 119 104 92 75 116 153 155 164 148 156 157 152 145 152 147 148 148 157 150 134 129 111 93 76 75 90 103 97 91 88 82 79 76 94 92 87 90 88 90 82 81 93 95 90 87 120 118 112 102 99 97 88 84 
134 133 139 140 139 134 137 141 128 139 131 124 107 98 100 165 164 165 153 152 150 151 145 150 158 156 156 147 153 147 153 122 115 92 87 104 107 106 111 110 100 102 103 94 95 99 101 101 88 89 75 80 96 92 97 94 106 138 126 108 100 101 90 91 
128 143 142 134 132 135 141 137 139 134 132 120 104 114 151 162 158 154 156 151 156 150 144 147 154 147 156 149 154 163 152 125 113 95 103 121 102 117 137 129 118 115 114 108 106 95 105 96 86 84 77 77 97 93 102 91 100 124 126 117 112 107 97 83 
136 140 142 142 141 147 157 144 134 150 137 132 134 125 163 149 150 151 147 158 149 145 145 158 150 169 153 141 137 150 147 138 129 121 123 133 113 145 144 133 115 116 115 99 106 107 100 94 84 81 78 86 89 98 88 95 105 116 134 122 102 105 91 92 
137 138 147 142 154 155 154 154 154 150 138 144 149 148 154 153 155 158 141 159 149 148 142 149 145 157 165 144 144 147 149 153 150 115 121 121 130 142 150 133 129 113 106 87 94 83 84 75 70 68 77 81 87 98 93 94 109 123 139 133 116 107 98 97 
143 125 148 149 147 150 156 154 160 156 150 147 150 156 156 154 147 143 145 155 145 144 139 138 140 150 141 143 142 141 147 148 138 135 136 153 150 136 139 115 85 76 65 51 44 41 44 48 49 50 51 50 64 82 82 110 116 133 140 141 118 104 94 92 
147 137 144 136 142 153 152 150 160 158 154 151 151 153 154 149 150 147 149 154 147 135 146 133 138 139 133 129 126 125 131 121 121 129 131 133 115 103 67 39 40 49 44 46 44 40 34 43 46 48 52 46 59 80 78 96 106 142 140 142 119 103 92 90 
145 143 145 143 152 157 154 154 166 166 164 152 148 153 156 144 139 131 133 132 139 136 121 108 95 78 75 69 66 55 58 53 71 87 81 109 110 99 123 124 116 108 108 104 98 97 96 94 77 85 88 92 82 79 95 102 111 148 159 145 125 101 98 84 
141 149 146 138 153 157 162 152 169 168 172 150 149 143 143 134 113 100 74 57 65 77 78 87 102 112 127 135 140 143 148 137 141 138 146 149 147 141 140 131 134 116 120 108 106 105 97 95 89 86 92 83 96 88 93 94 121 136 155 146 121 107 99 83 
137 147 144 146 152 150 154 165 163 169 171 164 149 133 113 119 127 101 132 146 147 148 145 156 152 141 142 164 155 145 150 162 153 151 150 147 142 125 119 118 124 122 126 105 101 102 99 92 88 88 92 94 101 96 100 108 108 123 144 139 113 106 95 82 
131 143 138 143 147 153 156 155 172 158 168 175 154 125 105 135 118 147 151 151 151 151 148 157 161 140 140 165 156 155 153 158 143 146 131 120 125 121 111 115 127 126 116 103 99 97 97 90 86 80 89 101 99 102 111 106 100 104 129 121 103 99 85 83 
128 139 132 145 155 139 153 161 157 157 164 165 157 125 118 130 146 134 150 144 163 141 152 150 141 153 151 159 151 149 158 143 131 140 133 135 136 125 115 131 112 116 117 110 102 95 88 76 70 77 99 94 102 108 107 104 108 109 122 108 97 100 84 81 
135 133 133 143 142 147 150 154 156 148 162 165 157 151 109 157 149 154 153 160 164 152 156 144 142 134 139 141 144 132 145 135 139 141 136 131 144 134 125 127 106 110 103 94 99 88 85 76 86 104 100 103 109 112 114 107 108 103 106 115 97 94 83 76 
139 139 137 140 138 146 145 150 155 154 141 162 135 132 145 150 147 150 151 166 153 159 161 154 152 151 142 149 139 139 137 136 142 135 137 139 135 122 116 105 114 120 110 96 104 99 97 102 105 100 98 110 105 99 116 108 117 99 99 120 104 84 78 74 
131 133 137 138 137 142 137 144 150 148 153 136 139 133 134 151 155 151 152 156 158 157 158 164 163 151 153 154 163 157 139 155 160 148 140 129 138 137 123 119 109 116 110 130 114 112 101 103 107 101 95 113 113 103 116 106 97 103 96 107 80 78 74 71 
136 134 138 133 140 132 138 148 149 147 144 143 143 131 150 162 152 153 151 149 147 162 156 154 160 158 164 156 167 157 155 167 148 149 154 149 145 137 131 137 117 111 122 121 119 113 119 108 105 106 97 102 102 103 109 103 98 101 88 89 83 77 67 70 
